Run Type : Fam_both 0.0004 Single

Susceptible : [990.0, 977.12, 970.78, 964.62, 960.16, 955.56, 950.86, 946.86, 942.72, 938.04, 933.3, 928.72, 923.7, 918.48, 913.36, 908.42, 903.54, 898.58, 893.34, 888.74, 883.72, 879.06, 873.62, 868.7, 864.0, 858.56, 853.82, 848.86, 844.18, 839.2, 834.66, 829.56, 825.18, 820.08, 815.34, 811.16, 805.98, 801.58, 796.9, 791.94, 787.48, 782.44, 777.44, 772.7, 768.74, 764.34, 759.62, 754.86, 750.24, 745.82, 741.26]
Exposed : [0.0, 12.88, 14.54, 15.96, 14.72, 13.98, 13.68, 13.18, 12.88, 12.74, 12.82, 12.88, 13.28, 14.24, 14.22, 14.24, 13.68, 13.52, 13.64, 13.08, 13.56, 13.42, 14.22, 14.1, 13.82, 14.56, 14.44, 14.54, 14.04, 14.82, 14.2, 14.1, 13.54, 14.24, 14.16, 12.94, 13.62, 13.3, 13.76, 13.82, 13.44, 13.74, 13.48, 14.1, 13.34, 13.04, 13.12, 13.54, 13.72, 13.66, 13.04]
Asymptomatic : [0.0, 0.0, 2.64, 4.88, 7.64, 9.92, 11.94, 13.22, 14.64, 16.14, 16.9, 18.26, 19.28, 20.08, 20.76, 21.42, 22.6, 23.16, 23.64, 24.18, 24.26, 24.86, 24.26, 24.56, 25.04, 25.36, 25.64, 26.02, 25.8, 25.22, 25.48, 25.7, 25.94, 25.66, 26.2, 26.5, 26.34, 26.6, 26.12, 26.78, 26.84, 26.58, 26.94, 26.62, 26.42, 26.48, 26.76, 26.94, 26.68, 26.76, 27.22]
Symptomatic : [10.0, 9.04, 10.2, 11.3, 12.74, 13.48, 14.02, 14.72, 14.96, 15.52, 16.28, 16.62, 16.96, 16.5, 17.02, 17.8, 18.18, 18.84, 19.38, 19.48, 19.64, 20.02, 20.16, 20.32, 20.78, 20.64, 20.96, 21.06, 21.48, 20.96, 21.4, 21.4, 21.36, 21.14, 20.6, 21.02, 21.08, 20.98, 21.26, 21.14, 20.88, 20.84, 21.14, 20.7, 20.94, 21.12, 20.94, 20.44, 20.52, 20.32, 20.32]
Recovered : [0.0, 0.96, 1.84, 3.24, 4.74, 7.06, 9.5, 12.02, 14.8, 17.56, 20.7, 23.52, 26.78, 30.7, 34.64, 38.12, 42.0, 45.9, 50.0, 54.52, 58.82, 62.64, 67.74, 72.32, 76.36, 80.88, 85.14, 89.52, 94.5, 99.8, 104.26, 109.24, 113.98, 118.88, 123.7, 128.38, 132.98, 137.54, 141.96, 146.32, 151.36, 156.4, 161.0, 165.88, 170.56, 175.02, 179.56, 184.22, 188.84, 193.44, 198.16]



Run Type : Fam_both 0.0004 Triple

Susceptible : [990.0, 977.96, 971.04, 964.68, 959.24, 953.26, 947.34, 940.72, 933.36, 925.58, 917.2, 908.06, 898.7, 887.9, 876.44, 864.54, 852.56, 839.4, 824.38, 809.2, 793.22, 776.42, 759.9, 741.1, 722.88, 703.9, 684.16, 663.38, 642.6, 622.12, 601.9, 580.72, 559.2, 538.86, 517.14, 496.18, 476.36, 456.86, 437.68, 420.56, 400.82, 383.7, 367.44, 350.78, 335.54, 320.14, 305.42, 292.72, 280.86, 269.56, 257.8]
Exposed : [0.0, 12.04, 14.4, 16.06, 15.96, 16.36, 16.38, 17.54, 18.98, 19.64, 21.1, 22.96, 24.46, 26.84, 28.9, 30.56, 31.54, 33.58, 36.28, 38.82, 41.24, 43.8, 44.98, 47.46, 49.32, 50.4, 52.0, 54.22, 56.0, 56.54, 56.9, 58.1, 59.44, 60.22, 60.76, 61.42, 59.46, 58.3, 57.14, 53.98, 55.38, 53.24, 50.38, 48.9, 46.64, 45.38, 44.94, 42.46, 39.58, 36.54, 35.24]
Asymptomatic : [0.0, 0.0, 2.6, 5.22, 7.92, 10.46, 12.48, 14.02, 16.2, 18.82, 20.72, 22.9, 25.48, 27.82, 30.3, 32.74, 35.74, 38.78, 41.7, 45.3, 48.92, 52.76, 56.54, 60.98, 64.0, 67.36, 71.12, 75.42, 78.56, 82.96, 86.3, 89.48, 91.84, 93.28, 96.28, 99.44, 101.74, 104.62, 106.24, 107.0, 106.08, 106.6, 107.08, 106.86, 106.5, 105.46, 103.88, 101.82, 100.46, 98.58, 96.48]
Symptomatic : [10.0, 9.2, 10.34, 11.16, 12.54, 13.9, 15.38, 16.24, 16.72, 17.84, 18.92, 20.28, 20.94, 22.24, 24.02, 26.24, 28.54, 30.8, 33.1, 34.8, 36.94, 39.02, 41.58, 44.0, 46.14, 49.32, 52.14, 55.06, 56.98, 59.52, 62.72, 64.88, 67.16, 69.12, 71.92, 72.68, 74.98, 75.84, 76.78, 77.86, 77.62, 79.5, 80.16, 79.86, 79.32, 78.02, 76.24, 75.64, 74.5, 72.8, 71.08]
Recovered : [0.0, 0.8, 1.62, 2.88, 4.34, 6.02, 8.42, 11.48, 14.74, 18.12, 22.06, 25.8, 30.42, 35.2, 40.34, 45.92, 51.62, 57.44, 64.54, 71.88, 79.68, 88.0, 97.0, 106.46, 117.66, 129.02, 140.58, 151.92, 165.86, 178.86, 192.18, 206.82, 222.36, 238.52, 253.9, 270.28, 287.46, 304.38, 322.16, 340.6, 360.1, 376.96, 394.94, 413.6, 432.0, 451.0, 469.52, 487.36, 504.6, 522.52, 539.4]



Run Type : Fam_both 0.0004 All

Susceptible : [990.0, 977.16, 970.48, 964.4, 958.74, 952.52, 946.84, 939.48, 930.92, 922.84, 912.74, 902.44, 890.84, 878.34, 865.92, 851.14, 835.08, 818.18, 801.46, 782.1, 762.4, 741.68, 720.1, 697.56, 673.62, 648.3, 622.36, 596.92, 571.7, 545.38, 519.48, 491.8, 465.3, 438.64, 413.16, 388.38, 364.28, 341.02, 318.72, 298.84, 278.54, 259.62, 241.44, 224.8, 210.02, 195.52, 182.56, 171.68, 160.7, 151.24, 142.44]
Exposed : [0.0, 12.84, 15.04, 15.96, 15.38, 16.28, 16.64, 18.0, 20.7, 21.58, 24.3, 26.3, 28.94, 31.42, 33.0, 35.42, 39.64, 42.82, 44.58, 48.92, 51.78, 54.48, 57.04, 60.08, 62.58, 66.16, 69.46, 70.74, 72.02, 74.22, 73.88, 75.28, 75.18, 75.86, 73.86, 71.42, 71.7, 69.86, 67.92, 65.22, 62.48, 58.76, 56.46, 52.46, 47.8, 44.76, 42.14, 39.16, 36.7, 33.42, 30.22]
Asymptomatic : [0.0, 0.0, 2.44, 4.98, 8.2, 10.44, 12.28, 14.46, 16.5, 18.88, 20.94, 23.9, 26.74, 29.96, 33.08, 36.52, 39.3, 43.7, 48.04, 51.6, 55.54, 60.36, 65.54, 69.9, 73.92, 79.28, 84.42, 90.04, 94.16, 98.74, 104.66, 108.74, 113.16, 116.58, 120.76, 123.36, 124.04, 126.14, 127.58, 128.18, 128.54, 127.82, 126.72, 126.12, 123.84, 121.4, 117.68, 113.42, 109.2, 105.48, 101.82]
Symptomatic : [10.0, 9.1, 10.44, 11.96, 13.44, 13.96, 15.2, 16.26, 17.1, 19.08, 20.26, 21.62, 23.34, 25.44, 27.46, 30.14, 32.06, 34.44, 37.28, 39.86, 43.2, 46.76, 49.94, 53.74, 58.16, 61.56, 64.94, 68.1, 71.3, 75.22, 78.88, 81.9, 85.24, 87.5, 90.14, 93.9, 95.6, 97.88, 98.26, 98.56, 99.64, 98.8, 98.18, 96.86, 95.68, 94.0, 91.9, 88.98, 85.7, 82.66, 79.22]
Recovered : [0.0, 0.9, 1.6, 2.7, 4.24, 6.8, 9.04, 11.8, 14.78, 17.62, 21.76, 25.74, 30.14, 34.84, 40.54, 46.78, 53.92, 60.86, 68.64, 77.52, 87.08, 96.72, 107.38, 118.72, 131.72, 144.7, 158.82, 174.2, 190.82, 206.44, 223.1, 242.28, 261.12, 281.42, 302.08, 322.94, 344.38, 365.1, 387.52, 409.2, 430.8, 455.0, 477.2, 499.76, 522.66, 544.32, 565.72, 586.76, 607.7, 627.2, 646.3]



