Run Type : Fam_homo 0.0001

Susceptible : [990.0, 975.52, 965.34, 955.58, 944.3, 932.74, 921.56, 908.0, 893.7, 875.3, 857.4, 837.1, 813.88, 788.78, 759.78, 729.16, 697.02, 660.66, 622.96, 582.36, 540.44, 499.32, 456.44, 412.92, 369.14, 328.08, 289.3, 252.3, 218.86, 186.4, 159.02, 133.32, 109.96, 91.62, 75.2, 61.48, 50.1, 40.78, 32.54, 26.0, 20.8, 17.28, 14.28, 11.76, 9.92, 8.8, 7.62, 6.82, 6.02, 5.28, 4.84]
Exposed : [0.0, 14.48, 19.32, 22.38, 25.72, 28.86, 30.0, 33.18, 35.5, 41.84, 45.56, 49.9, 56.32, 62.08, 69.92, 76.4, 81.52, 89.3, 95.08, 102.36, 108.9, 113.44, 114.8, 119.0, 121.94, 120.86, 117.62, 113.54, 107.24, 103.56, 95.06, 86.48, 79.38, 70.28, 61.72, 53.86, 46.48, 38.34, 33.3, 27.58, 23.02, 18.52, 14.88, 12.2, 9.9, 7.7, 6.34, 4.76, 3.96, 3.24, 2.54]
Asymptomatic : [0.0, 0.0, 3.2, 6.58, 10.4, 14.42, 18.56, 22.44, 27.0, 31.46, 36.9, 42.1, 47.88, 54.5, 61.2, 68.5, 77.38, 85.96, 95.26, 104.42, 113.6, 123.02, 134.14, 143.62, 151.68, 160.82, 168.2, 173.98, 180.62, 183.54, 185.12, 186.2, 184.66, 181.62, 176.62, 171.72, 165.22, 159.38, 150.68, 142.4, 134.28, 125.32, 117.18, 108.74, 100.06, 91.3, 82.88, 75.04, 68.42, 61.78, 56.5]
Symptomatic : [10.0, 8.86, 10.44, 12.48, 14.56, 16.08, 18.62, 21.78, 24.8, 27.4, 30.5, 34.34, 37.8, 42.62, 47.6, 54.08, 60.14, 66.2, 73.68, 80.84, 88.7, 96.34, 104.44, 110.66, 117.88, 125.32, 130.32, 133.8, 137.1, 137.96, 141.06, 142.74, 142.38, 140.44, 136.64, 131.6, 126.46, 121.38, 115.08, 110.06, 103.2, 95.78, 89.14, 81.76, 75.3, 68.82, 63.14, 57.82, 52.68, 48.48, 44.38]
Recovered : [0.0, 1.14, 1.7, 2.98, 5.02, 7.9, 11.26, 14.6, 19.0, 24.0, 29.64, 36.56, 44.12, 52.02, 61.5, 71.86, 83.94, 97.88, 113.02, 130.02, 148.36, 167.88, 190.18, 213.8, 239.36, 264.92, 294.56, 326.38, 356.18, 388.54, 419.74, 451.26, 483.62, 516.04, 549.82, 581.34, 611.74, 640.12, 668.4, 693.96, 718.7, 743.1, 764.52, 785.54, 804.82, 823.38, 840.02, 855.56, 868.92, 881.22, 891.74]



Run Type : Fam_both 0.0001

Susceptible : [990.0, 976.7, 968.48, 959.8, 950.96, 941.52, 932.14, 921.48, 909.34, 895.68, 880.9, 864.9, 847.64, 829.0, 808.42, 787.8, 765.72, 740.26, 715.7, 686.36, 657.88, 627.36, 595.98, 563.66, 530.1, 497.22, 464.06, 430.16, 398.16, 364.24, 332.9, 303.94, 275.16, 249.36, 223.34, 201.32, 179.68, 160.02, 142.56, 125.7, 111.68, 98.6, 87.22, 77.14, 68.52, 60.48, 54.62, 49.06, 44.16, 39.86, 36.26]
Exposed : [0.0, 13.3, 16.86, 19.8, 21.62, 23.4, 24.52, 26.36, 29.32, 32.7, 35.76, 39.7, 42.8, 46.8, 51.3, 53.76, 56.78, 62.78, 65.88, 71.8, 75.0, 80.4, 83.86, 86.82, 89.44, 91.36, 92.18, 92.6, 92.14, 93.52, 91.62, 88.58, 87.06, 82.38, 79.44, 73.26, 68.4, 63.48, 58.92, 54.48, 49.34, 44.86, 41.08, 37.04, 32.84, 29.44, 24.84, 21.02, 18.16, 16.5, 14.82]
Asymptomatic : [0.0, 0.0, 2.42, 5.72, 9.06, 12.78, 15.7, 19.3, 22.48, 26.1, 29.9, 33.48, 38.44, 43.32, 48.18, 53.22, 58.6, 62.96, 69.0, 76.34, 82.92, 89.08, 96.36, 103.32, 110.64, 117.0, 124.38, 130.68, 135.64, 140.14, 145.06, 149.16, 151.44, 154.22, 155.42, 155.86, 155.0, 154.36, 152.56, 149.8, 146.42, 141.94, 136.66, 131.14, 124.72, 118.04, 112.68, 107.18, 100.28, 93.4, 86.68]
Symptomatic : [10.0, 9.24, 10.38, 11.78, 13.72, 15.56, 17.64, 19.52, 21.38, 23.62, 26.54, 29.26, 32.64, 35.38, 38.9, 43.56, 47.34, 51.58, 55.42, 59.66, 64.88, 69.84, 75.38, 80.96, 85.94, 90.06, 95.44, 101.76, 105.84, 109.74, 112.68, 115.0, 115.56, 116.72, 117.96, 118.98, 119.64, 118.38, 116.52, 113.92, 110.44, 107.56, 102.74, 98.48, 93.98, 89.8, 84.34, 79.54, 75.1, 69.96, 64.98]
Recovered : [0.0, 0.76, 1.86, 2.9, 4.64, 6.74, 10.0, 13.34, 17.48, 21.9, 26.9, 32.66, 38.48, 45.5, 53.2, 61.66, 71.56, 82.42, 94.0, 105.84, 119.32, 133.32, 148.42, 165.24, 183.88, 204.36, 223.94, 244.8, 268.22, 292.36, 317.74, 343.32, 370.78, 397.32, 423.84, 450.58, 477.28, 503.76, 529.44, 556.1, 582.12, 607.04, 632.3, 656.2, 679.94, 702.24, 723.52, 743.2, 762.3, 780.28, 797.26]
Run Type : Fam_both 0.0003

Susceptible : [990.0, 976.62, 967.82, 957.52, 945.98, 933.36, 920.44, 903.82, 883.96, 859.92, 831.22, 799.9, 765.62, 724.98, 681.5, 634.16, 584.9, 533.56, 477.1, 425.22, 371.64, 323.52, 275.68, 232.08, 192.58, 161.06, 133.44, 108.68, 87.5, 70.96, 57.3, 46.58, 37.88, 31.12, 26.52, 22.48, 19.4, 17.06, 14.98, 13.56, 12.34, 11.48, 10.96, 10.34, 9.76, 9.24, 8.98, 8.8, 8.6, 8.4, 8.28]
Exposed : [0.0, 13.38, 17.26, 21.86, 25.52, 29.32, 32.18, 37.28, 44.06, 52.52, 62.28, 72.22, 80.04, 91.94, 103.66, 113.62, 123.0, 131.34, 141.98, 142.46, 147.58, 143.5, 141.24, 134.52, 127.12, 114.0, 101.96, 92.0, 81.36, 68.14, 58.24, 48.14, 39.78, 32.66, 25.46, 20.86, 15.9, 12.9, 10.62, 8.7, 6.74, 5.46, 3.92, 2.94, 2.54, 2.12, 1.62, 1.24, 1.1, 0.88, 0.7]
Asymptomatic : [0.0, 0.0, 2.96, 5.84, 9.28, 13.38, 17.22, 21.72, 27.14, 34.0, 41.28, 49.72, 59.6, 70.06, 80.0, 92.82, 106.18, 120.48, 135.26, 151.92, 163.38, 177.08, 189.38, 198.24, 206.16, 211.92, 213.7, 212.6, 211.0, 206.54, 200.08, 192.72, 183.24, 173.18, 163.1, 151.98, 141.18, 130.78, 120.56, 110.88, 101.86, 92.74, 83.72, 75.86, 68.98, 62.54, 56.78, 51.28, 46.04, 41.6, 37.1]
Symptomatic : [10.0, 8.8, 9.86, 11.46, 14.08, 16.52, 19.5, 22.66, 25.88, 29.66, 35.08, 40.56, 47.78, 55.32, 64.64, 74.3, 83.94, 92.9, 103.18, 113.9, 123.26, 132.56, 139.74, 147.84, 152.62, 156.18, 156.96, 155.24, 154.1, 152.2, 146.78, 140.3, 133.7, 125.98, 119.2, 111.46, 103.96, 95.58, 87.82, 80.16, 73.36, 66.94, 60.96, 55.48, 50.1, 45.24, 40.78, 36.92, 33.1, 29.52, 26.74]
Recovered : [0.0, 1.2, 2.1, 3.32, 5.14, 7.42, 10.66, 14.52, 18.96, 23.9, 30.14, 37.6, 46.96, 57.7, 70.2, 85.1, 101.98, 121.72, 142.48, 166.5, 194.14, 223.34, 253.96, 287.32, 321.52, 356.84, 393.94, 431.48, 466.04, 502.16, 537.6, 572.26, 605.4, 637.06, 665.72, 693.22, 719.56, 743.68, 766.02, 786.7, 805.7, 823.38, 840.44, 855.38, 868.62, 880.86, 891.84, 901.76, 911.16, 919.6, 927.18]



Run Type : Fam_both 0.0009

Susceptible : [990.0, 972.6, 959.86, 944.86, 927.18, 901.2, 871.54, 830.84, 786.02, 728.1, 658.76, 583.94, 501.3, 417.44, 336.2, 262.62, 197.14, 143.26, 104.68, 75.62, 53.12, 38.0, 27.54, 20.44, 15.58, 11.8, 9.44, 7.68, 6.7, 5.62, 5.14, 4.68, 4.28, 3.84, 3.54, 3.38, 3.24, 3.14, 3.02, 2.88, 2.78, 2.68, 2.64, 2.64, 2.62, 2.6, 2.58, 2.54, 2.52, 2.52, 2.52]
Exposed : [0.0, 17.4, 23.68, 30.52, 37.42, 50.24, 62.3, 81.16, 98.26, 122.44, 150.1, 171.94, 194.58, 211.02, 220.98, 217.76, 206.56, 189.2, 161.52, 133.78, 110.0, 86.92, 66.76, 50.36, 36.86, 27.48, 20.28, 14.96, 10.58, 7.98, 5.54, 3.94, 2.86, 2.18, 1.66, 1.16, 0.98, 0.78, 0.58, 0.52, 0.42, 0.38, 0.32, 0.26, 0.18, 0.18, 0.12, 0.12, 0.08, 0.0, 0.0]
Asymptomatic : [0.0, 0.0, 3.36, 7.34, 12.84, 18.92, 27.02, 37.22, 49.16, 63.14, 80.46, 102.7, 125.0, 150.34, 176.32, 203.62, 227.96, 247.26, 260.2, 268.94, 270.02, 265.56, 256.8, 244.16, 230.76, 215.5, 199.4, 182.94, 168.12, 153.6, 140.94, 127.7, 115.24, 104.96, 94.04, 85.48, 76.64, 69.72, 62.88, 57.12, 51.84, 46.6, 41.76, 36.9, 33.52, 30.14, 27.56, 24.74, 21.86, 20.08, 18.24]
Symptomatic : [10.0, 9.2, 11.38, 14.0, 17.4, 21.24, 26.46, 32.64, 41.36, 52.4, 65.12, 80.98, 99.74, 118.84, 137.08, 156.76, 172.94, 185.2, 194.48, 199.44, 198.5, 194.2, 188.66, 180.58, 170.0, 158.24, 147.2, 135.22, 124.38, 113.32, 103.58, 93.64, 84.36, 76.56, 69.46, 63.0, 56.76, 51.02, 46.02, 41.62, 37.76, 34.1, 30.24, 27.68, 25.28, 22.98, 20.56, 18.54, 16.78, 15.1, 13.86]
Recovered : [0.0, 0.8, 1.72, 3.28, 5.16, 8.4, 12.68, 18.14, 25.2, 33.92, 45.56, 60.44, 79.38, 102.36, 129.42, 159.24, 195.4, 235.08, 279.12, 322.22, 368.36, 415.32, 460.24, 504.46, 546.8, 586.98, 623.68, 659.2, 690.22, 719.48, 744.8, 770.04, 793.26, 812.46, 831.3, 846.98, 862.38, 875.34, 887.5, 897.86, 907.2, 916.24, 925.04, 932.52, 938.4, 944.1, 949.18, 954.06, 958.76, 962.3, 965.38]
Run Type : Fam_homo 0.0009

Susceptible : [990.0, 969.36, 955.04, 936.2, 910.88, 876.26, 836.1, 777.92, 711.14, 628.88, 534.96, 432.76, 329.8, 238.6, 157.56, 95.14, 54.92, 29.62, 14.86, 7.78, 4.08, 2.3, 1.2, 0.68, 0.44, 0.28, 0.2, 0.16, 0.12, 0.1, 0.08, 0.08, 0.06, 0.06, 0.06, 0.06, 0.06, 0.06, 0.06, 0.06, 0.06, 0.06, 0.06, 0.06, 0.06, 0.06, 0.06, 0.06, 0.06, 0.06, 0.06]
Exposed : [0.0, 20.64, 27.08, 36.1, 48.56, 67.12, 82.3, 112.1, 139.42, 172.56, 207.88, 237.0, 257.42, 256.7, 248.5, 225.56, 185.14, 144.66, 108.9, 78.36, 55.12, 37.92, 25.42, 17.02, 11.46, 7.5, 5.04, 3.32, 2.28, 1.74, 1.08, 0.72, 0.46, 0.34, 0.16, 0.08, 0.08, 0.06, 0.06, 0.04, 0.02, 0.0, 0.0, 0.0, 0.0, 0.0, 0.0, 0.0, 0.0, 0.0, 0.0]
Asymptomatic : [0.0, 0.0, 4.24, 9.18, 15.18, 22.98, 35.32, 47.24, 65.06, 86.2, 111.94, 142.4, 174.66, 209.5, 238.5, 262.76, 283.04, 292.6, 292.82, 285.1, 272.96, 256.46, 237.6, 217.96, 199.06, 181.64, 164.82, 149.88, 135.92, 122.76, 110.58, 100.12, 90.32, 81.84, 74.0, 66.76, 60.54, 53.82, 48.8, 44.32, 39.54, 35.92, 32.26, 28.62, 26.2, 23.66, 21.32, 18.76, 16.9, 15.4, 13.92]
Symptomatic : [10.0, 9.2, 11.92, 14.86, 19.22, 24.1, 32.5, 42.24, 54.6, 69.26, 87.18, 110.38, 136.5, 161.96, 184.48, 202.94, 216.36, 222.76, 220.68, 214.42, 204.82, 192.44, 178.74, 165.06, 150.56, 138.46, 126.8, 114.56, 103.26, 93.18, 83.92, 75.14, 67.42, 60.56, 54.3, 49.46, 44.86, 40.6, 36.58, 32.76, 28.86, 26.06, 23.12, 20.84, 18.48, 16.74, 15.0, 13.44, 12.08, 10.66, 9.76]
Recovered : [0.0, 0.8, 1.72, 3.66, 6.16, 9.54, 13.78, 20.5, 29.78, 43.1, 58.04, 77.46, 101.62, 133.24, 170.96, 213.6, 260.54, 310.36, 362.74, 414.34, 463.02, 510.88, 557.04, 599.28, 638.48, 672.12, 703.14, 732.08, 758.42, 782.22, 804.34, 823.94, 841.74, 857.2, 871.48, 883.64, 894.46, 905.46, 914.5, 922.82, 931.52, 937.96, 944.56, 950.48, 955.26, 959.54, 963.62, 967.74, 970.96, 973.88, 976.26]



Run Type : Fam_homo 0.0004

Susceptible : [990.0, 968.36, 960.46, 952.86, 943.32, 932.22, 918.78, 902.6, 883.54, 858.14, 833.14, 803.78, 770.74, 735.4, 693.36, 651.86, 601.28, 553.9, 499.24, 445.08, 393.56, 344.56, 298.52, 254.5, 211.2, 176.72, 145.86, 118.9, 96.68, 77.3, 61.98, 49.58, 40.1, 32.58, 26.94, 22.54, 19.06, 16.54, 14.08, 12.4, 11.36, 10.16, 9.32, 8.54, 7.94, 7.36, 7.02, 6.84, 6.66, 6.54, 6.52]
Exposed : [0.0, 21.64, 21.52, 20.98, 23.22, 26.26, 30.8, 36.44, 42.56, 52.84, 59.06, 67.4, 77.92, 85.96, 97.96, 103.74, 117.54, 123.76, 134.74, 140.26, 142.98, 144.16, 141.0, 135.84, 132.28, 119.46, 108.04, 97.24, 86.24, 74.3, 63.0, 53.44, 44.06, 35.82, 29.12, 23.28, 19.16, 14.98, 12.28, 9.7, 7.22, 6.1, 4.74, 3.92, 2.86, 2.34, 1.86, 1.44, 1.22, 0.98, 0.72]
Asymptomatic : [0.0, 0.0, 4.84, 8.7, 11.98, 15.52, 18.68, 22.82, 27.82, 34.6, 42.62, 50.6, 58.48, 67.8, 79.0, 91.0, 103.04, 117.2, 130.4, 145.94, 159.8, 171.6, 182.84, 193.12, 200.9, 207.1, 211.52, 211.88, 209.14, 206.62, 201.98, 194.68, 186.04, 176.18, 166.72, 155.64, 145.62, 135.2, 124.32, 114.52, 105.54, 95.54, 87.48, 80.02, 73.18, 67.1, 61.56, 54.8, 48.86, 43.84, 39.8]
Symptomatic : [10.0, 9.18, 11.24, 14.0, 15.64, 17.68, 20.0, 22.46, 25.92, 29.24, 33.76, 39.68, 44.8, 52.6, 60.34, 70.38, 79.78, 89.14, 99.84, 109.66, 119.06, 128.18, 136.32, 143.34, 149.08, 154.98, 157.32, 157.34, 155.42, 154.28, 150.28, 145.24, 138.0, 130.94, 123.28, 114.38, 106.42, 98.42, 90.92, 83.44, 76.4, 69.68, 63.48, 57.68, 52.72, 48.14, 43.72, 39.76, 36.22, 32.38, 29.02]
Recovered : [0.0, 0.82, 1.94, 3.46, 5.84, 8.32, 11.74, 15.68, 20.16, 25.18, 31.42, 38.54, 48.06, 58.24, 69.34, 83.02, 98.36, 116.0, 135.78, 159.06, 184.6, 211.5, 241.32, 273.2, 306.54, 341.74, 377.26, 414.64, 452.52, 487.5, 522.76, 557.06, 591.8, 624.48, 653.94, 684.16, 709.74, 734.86, 758.4, 779.94, 799.48, 818.52, 834.98, 849.84, 863.3, 875.06, 885.84, 897.16, 907.04, 916.26, 923.94]



Run Type : Fam_both 0.0004

Susceptible : [990.0, 971.08, 964.38, 957.14, 950.02, 941.66, 931.9, 920.02, 906.24, 889.36, 872.44, 853.24, 831.94, 806.54, 779.12, 749.92, 719.9, 686.38, 651.16, 612.3, 574.72, 535.84, 495.82, 454.96, 412.24, 372.42, 332.94, 298.5, 264.72, 232.18, 205.18, 180.84, 159.16, 139.76, 120.62, 106.52, 93.36, 83.74, 74.62, 65.42, 58.84, 52.94, 47.36, 42.96, 39.56, 36.68, 33.98, 31.9, 29.72, 27.7, 26.1]
Exposed : [0.0, 18.92, 18.76, 19.68, 19.82, 21.08, 23.46, 27.1, 31.42, 37.96, 41.68, 45.24, 50.7, 58.48, 65.12, 72.12, 76.72, 83.82, 89.46, 97.5, 100.38, 103.52, 106.8, 109.68, 113.36, 112.78, 112.8, 108.44, 104.42, 102.22, 94.38, 85.52, 76.9, 69.12, 62.84, 54.84, 49.08, 42.14, 36.88, 33.28, 27.82, 23.64, 21.2, 18.92, 16.1, 13.74, 11.68, 9.84, 8.2, 7.48, 6.12]
Asymptomatic : [0.0, 0.0, 3.96, 7.3, 10.1, 13.26, 16.36, 19.28, 22.76, 26.44, 31.7, 37.5, 42.6, 48.48, 55.8, 63.26, 71.54, 79.7, 88.86, 98.12, 108.12, 117.74, 127.0, 136.76, 146.84, 156.7, 162.86, 169.36, 173.36, 177.32, 178.28, 180.46, 180.3, 176.74, 173.44, 168.4, 162.18, 155.16, 148.84, 140.52, 132.72, 125.22, 116.8, 109.2, 102.12, 95.26, 88.82, 83.08, 77.48, 71.16, 65.7]
Symptomatic : [10.0, 8.94, 10.86, 12.08, 14.14, 15.82, 17.3, 19.12, 21.26, 23.4, 26.54, 30.44, 33.94, 38.1, 42.66, 47.92, 53.2, 59.12, 65.62, 72.22, 79.6, 87.08, 94.1, 101.18, 106.56, 112.02, 117.72, 122.98, 127.48, 128.1, 130.72, 131.84, 131.56, 130.58, 128.08, 125.5, 121.28, 116.14, 111.24, 105.98, 101.06, 95.74, 90.34, 83.6, 77.6, 72.24, 67.06, 61.72, 57.0, 52.34, 49.02]
Recovered : [0.0, 1.06, 2.04, 3.8, 5.92, 8.18, 10.98, 14.48, 18.32, 22.84, 27.64, 33.58, 40.82, 48.4, 57.3, 66.78, 78.64, 90.98, 104.9, 119.86, 137.18, 155.82, 176.28, 197.42, 221.0, 246.08, 273.68, 300.72, 330.02, 360.18, 391.44, 421.34, 452.08, 483.8, 515.02, 544.74, 574.1, 602.82, 628.42, 654.8, 679.56, 702.46, 724.3, 745.32, 764.62, 782.08, 798.46, 813.46, 827.6, 841.32, 853.06]
Run Type : Fam_both 0.0004

Susceptible : [990.0, 971.3, 965.22, 959.52, 955.02, 950.5, 944.94, 939.4, 933.78, 927.66, 921.44, 914.98, 909.0, 902.58, 896.18, 889.2, 882.66, 875.48, 868.46, 861.1, 854.82, 847.32, 840.14, 832.62, 825.44, 819.34, 811.98, 805.14, 797.58, 791.3, 784.4, 777.72, 771.5, 765.36, 758.54, 752.24, 745.7, 740.12, 735.12, 729.14, 723.64, 717.88, 712.18, 707.34, 702.26, 697.52, 692.66, 687.16, 682.44, 677.52, 673.26]
Exposed : [0.0, 18.7, 17.98, 17.68, 16.18, 14.64, 15.0, 15.24, 15.2, 16.26, 16.64, 17.0, 17.06, 17.88, 17.76, 18.7, 18.72, 19.1, 18.94, 20.0, 19.0, 19.72, 20.2, 20.66, 21.12, 20.14, 20.34, 19.3, 20.48, 19.66, 19.54, 19.54, 19.34, 18.36, 18.52, 18.18, 18.44, 17.68, 16.44, 16.64, 16.1, 15.44, 16.02, 15.24, 15.24, 14.7, 14.76, 15.04, 14.7, 14.26, 13.3]
Asymptomatic : [0.0, 0.0, 3.82, 6.88, 9.62, 12.28, 13.96, 15.62, 17.14, 18.32, 19.62, 21.44, 22.84, 23.7, 25.18, 26.54, 27.9, 29.12, 30.42, 31.32, 32.4, 33.0, 33.7, 34.26, 35.04, 35.46, 35.64, 36.92, 37.46, 37.62, 38.02, 37.92, 37.44, 37.92, 37.74, 38.28, 38.4, 38.58, 38.18, 37.48, 37.68, 37.18, 36.46, 35.54, 35.04, 34.78, 34.04, 33.86, 33.42, 33.32, 33.28]
Symptomatic : [10.0, 9.08, 11.22, 12.9, 14.02, 15.0, 15.94, 16.82, 17.82, 18.04, 19.0, 19.78, 19.96, 20.6, 21.26, 21.24, 21.52, 22.4, 23.22, 23.32, 24.14, 24.9, 25.34, 25.88, 26.04, 26.7, 27.16, 27.8, 27.28, 27.48, 27.6, 28.28, 28.5, 28.34, 28.54, 28.18, 28.36, 27.56, 27.58, 26.8, 26.44, 26.64, 26.14, 26.38, 26.2, 25.52, 25.08, 24.66, 24.0, 23.82, 23.52]
Recovered : [0.0, 0.92, 1.76, 3.02, 5.16, 7.58, 10.16, 12.92, 16.06, 19.72, 23.3, 26.8, 31.14, 35.24, 39.62, 44.32, 49.2, 53.9, 58.96, 64.26, 69.64, 75.06, 80.62, 86.58, 92.36, 98.36, 104.88, 110.84, 117.2, 123.94, 130.44, 136.54, 143.22, 150.02, 156.66, 163.12, 169.1, 176.06, 182.68, 189.94, 196.14, 202.86, 209.2, 215.5, 221.26, 227.48, 233.46, 239.28, 245.44, 251.08, 256.64]



Run Type : Fam_both 0.0004 All

Susceptible : [990.0, 971.04, 964.04, 957.28, 949.4, 940.14, 930.22, 916.72, 902.06, 884.18, 862.88, 839.96, 816.82, 788.76, 758.52, 727.32, 693.12, 656.52, 617.96, 576.66, 536.52, 496.36, 454.12, 415.24, 376.46, 337.98, 302.14, 267.72, 235.6, 207.78, 180.74, 158.7, 137.08, 119.8, 104.86, 92.14, 82.7, 73.5, 65.6, 58.9, 53.0, 48.02, 43.96, 41.26, 38.92, 36.22, 34.06, 32.68, 31.42, 30.38, 29.52]
Exposed : [0.0, 18.96, 19.54, 19.52, 20.06, 22.2, 24.3, 29.32, 33.08, 38.6, 46.28, 53.78, 57.72, 66.06, 72.66, 78.1, 86.08, 92.66, 98.06, 105.52, 109.86, 112.44, 115.5, 115.88, 113.94, 112.44, 107.96, 105.84, 101.42, 92.88, 87.08, 78.58, 72.88, 65.42, 56.76, 50.02, 41.88, 36.86, 31.2, 26.22, 22.98, 20.48, 17.36, 13.84, 11.84, 10.22, 8.86, 6.92, 5.76, 4.46, 4.0]
Asymptomatic : [0.0, 0.0, 3.48, 7.16, 10.72, 13.48, 16.1, 19.52, 23.3, 27.82, 33.6, 38.92, 45.56, 53.04, 61.3, 70.14, 78.74, 88.82, 97.84, 107.06, 117.0, 126.78, 136.08, 145.3, 154.36, 160.54, 167.0, 171.1, 175.9, 179.5, 180.8, 179.88, 176.82, 173.84, 170.46, 163.9, 158.84, 150.82, 143.36, 135.02, 126.28, 117.8, 109.64, 102.0, 94.26, 87.78, 80.96, 75.6, 70.0, 63.92, 57.7]
Symptomatic : [10.0, 9.06, 11.1, 12.78, 14.44, 15.86, 18.04, 19.88, 23.08, 26.2, 28.78, 32.36, 37.42, 41.94, 47.86, 53.64, 59.72, 65.98, 73.84, 81.36, 88.46, 96.12, 103.88, 109.72, 116.14, 122.14, 126.62, 129.76, 132.12, 134.74, 135.96, 134.76, 133.26, 130.32, 127.88, 123.54, 118.5, 112.06, 107.0, 101.82, 96.88, 90.86, 84.44, 79.1, 72.4, 66.6, 61.38, 56.9, 52.28, 47.86, 44.14]
Recovered : [0.0, 0.94, 1.84, 3.26, 5.38, 8.32, 11.34, 14.56, 18.48, 23.2, 28.46, 34.98, 42.48, 50.2, 59.66, 70.8, 82.34, 96.02, 112.3, 129.4, 148.16, 168.3, 190.42, 213.86, 239.1, 266.9, 296.28, 325.58, 354.96, 385.1, 415.42, 448.08, 479.96, 510.62, 540.04, 570.4, 598.08, 626.76, 652.84, 678.04, 700.86, 722.84, 744.6, 763.8, 782.58, 799.18, 814.74, 827.9, 840.54, 853.38, 864.64]



Run Type : Fam_both 0.0004 Single

Susceptible : [990.0, 971.78, 965.46, 959.74, 954.96, 950.8, 945.88, 940.94, 935.66, 930.36, 924.3, 918.68, 912.98, 907.2, 901.04, 894.72, 889.2, 882.6, 876.92, 869.78, 863.6, 857.64, 851.36, 845.14, 838.7, 832.94, 827.06, 820.36, 814.5, 808.74, 802.96, 797.32, 791.16, 785.02, 779.24, 773.52, 767.94, 762.7, 757.34, 751.54, 745.46, 739.62, 734.2, 729.5, 723.46, 718.04, 712.88, 706.84, 701.4, 695.9, 690.06]
Exposed : [0.0, 18.22, 17.76, 17.12, 16.32, 15.12, 14.8, 15.08, 15.16, 15.02, 15.82, 16.14, 16.4, 16.88, 16.8, 17.32, 16.84, 17.38, 16.82, 18.58, 18.62, 18.1, 17.76, 17.52, 17.98, 17.28, 17.12, 18.24, 17.88, 17.58, 17.38, 16.56, 16.88, 17.24, 17.22, 16.66, 16.58, 16.14, 15.76, 15.46, 16.3, 16.46, 16.74, 15.78, 15.92, 15.68, 15.58, 16.14, 15.76, 15.6, 16.24]
Asymptomatic : [0.0, 0.0, 3.94, 7.08, 9.34, 11.26, 13.02, 14.8, 16.36, 18.02, 19.3, 20.5, 20.96, 22.04, 23.18, 24.06, 25.28, 26.42, 27.58, 28.28, 29.22, 29.68, 30.66, 31.46, 31.98, 32.36, 32.74, 32.56, 32.78, 33.28, 32.96, 33.32, 33.08, 32.8, 33.0, 33.48, 33.78, 33.7, 33.52, 33.72, 33.56, 33.04, 33.0, 32.92, 32.78, 32.86, 33.44, 33.3, 33.66, 33.54, 32.94]
Symptomatic : [10.0, 9.2, 11.2, 12.9, 13.9, 14.98, 15.84, 16.04, 16.28, 16.84, 17.46, 18.18, 18.7, 19.16, 20.0, 20.8, 21.24, 21.66, 22.42, 22.34, 22.6, 23.12, 23.72, 24.1, 24.04, 24.68, 24.94, 25.04, 25.18, 25.5, 25.54, 25.76, 25.96, 25.88, 25.62, 25.14, 24.92, 24.56, 24.98, 25.02, 24.68, 24.96, 24.8, 24.88, 24.56, 24.34, 24.44, 24.62, 24.54, 24.68, 24.2]
Recovered : [0.0, 0.8, 1.64, 3.16, 5.48, 7.84, 10.46, 13.14, 16.54, 19.76, 23.12, 26.5, 30.96, 34.72, 38.98, 43.1, 47.44, 51.94, 56.26, 61.02, 65.96, 71.46, 76.5, 81.78, 87.3, 92.74, 98.14, 103.8, 109.66, 114.9, 121.16, 127.04, 132.92, 139.06, 144.92, 151.2, 156.78, 162.9, 168.4, 174.26, 180.0, 185.92, 191.26, 196.92, 203.28, 209.08, 213.66, 219.1, 224.64, 230.28, 236.56]



Run Type : Fam_both 0.0004 Triple

Susceptible : [990.0, 971.8, 964.16, 957.22, 950.24, 942.26, 932.66, 922.06, 909.02, 896.26, 881.42, 864.44, 845.8, 825.1, 803.52, 781.28, 755.86, 728.86, 700.78, 669.36, 637.1, 604.32, 571.36, 536.54, 503.92, 470.58, 437.92, 406.62, 375.5, 345.88, 317.34, 292.18, 267.36, 245.3, 224.38, 206.54, 189.8, 174.88, 161.44, 149.38, 139.8, 131.0, 122.88, 115.14, 108.54, 102.94, 97.84, 93.84, 89.78, 86.56, 83.62]
Exposed : [0.0, 18.2, 19.42, 18.9, 19.5, 20.52, 22.88, 25.22, 29.98, 32.6, 35.94, 40.2, 44.76, 50.96, 55.3, 57.88, 63.18, 68.56, 72.42, 78.6, 82.84, 86.2, 89.32, 92.98, 92.72, 94.54, 93.32, 90.54, 90.72, 88.64, 86.12, 80.22, 76.04, 70.8, 67.12, 61.86, 57.02, 51.94, 47.36, 42.56, 37.14, 32.74, 29.58, 27.3, 24.84, 21.38, 19.02, 16.32, 14.72, 12.78, 11.02]
Asymptomatic : [0.0, 0.0, 4.18, 7.9, 10.68, 13.34, 16.48, 19.7, 22.78, 26.44, 30.16, 34.2, 38.82, 43.2, 47.82, 54.4, 59.94, 66.6, 73.74, 79.88, 88.28, 95.08, 102.96, 110.1, 117.4, 124.52, 131.18, 137.06, 139.92, 143.44, 147.92, 150.3, 151.68, 153.0, 152.08, 149.36, 146.54, 144.12, 140.94, 136.6, 131.3, 124.78, 117.42, 110.88, 104.74, 99.4, 94.04, 88.02, 81.62, 76.58, 71.5]
Symptomatic : [10.0, 9.04, 10.52, 12.9, 14.46, 16.38, 17.1, 18.76, 20.06, 22.3, 25.14, 28.56, 31.28, 34.0, 37.98, 41.82, 46.14, 49.66, 55.1, 61.58, 66.84, 73.54, 79.42, 84.2, 90.56, 93.74, 98.46, 102.7, 105.82, 108.94, 110.76, 113.52, 115.38, 115.56, 114.84, 114.04, 112.04, 109.6, 106.64, 103.38, 98.12, 93.66, 89.48, 86.28, 81.96, 77.42, 73.06, 68.86, 64.74, 59.66, 56.1]
Recovered : [0.0, 0.96, 1.72, 3.08, 5.12, 7.5, 10.88, 14.26, 18.16, 22.4, 27.34, 32.6, 39.34, 46.74, 55.38, 64.62, 74.88, 86.32, 97.96, 110.58, 124.94, 140.86, 156.94, 176.18, 195.4, 216.62, 239.12, 263.08, 288.04, 313.1, 337.86, 363.78, 389.54, 415.34, 441.58, 468.2, 494.6, 519.46, 543.62, 568.08, 593.64, 617.82, 640.64, 660.4, 679.92, 698.86, 716.04, 732.96, 749.14, 764.42, 777.76]



