Run Type : Fam_both 0.0004 1

Susceptible : [990.0, 976.9, 970.3, 964.58, 960.26, 955.86, 950.76, 946.36, 941.46, 936.7, 931.38, 925.58, 919.92, 914.38, 908.0, 901.9, 895.74, 888.9, 882.08, 874.9, 867.38, 860.24, 853.06, 845.32, 838.4, 830.1, 822.08, 813.94, 805.06, 796.64, 788.1, 780.24, 771.64, 763.5, 755.08, 746.64, 738.72, 730.38, 722.0, 713.88, 705.32, 697.54, 688.96, 681.52, 673.56, 665.94, 658.06, 650.66, 643.8, 636.5, 629.96]
Exposed : [0.0, 13.1, 15.4, 15.94, 14.76, 13.72, 14.04, 13.86, 14.0, 13.9, 13.92, 15.16, 15.62, 15.38, 16.52, 16.92, 17.48, 18.02, 18.38, 19.08, 19.92, 19.9, 20.2, 20.96, 20.8, 21.84, 22.16, 22.44, 22.86, 23.1, 24.08, 23.52, 24.34, 24.08, 24.44, 24.36, 23.46, 23.54, 23.84, 23.6, 23.7, 23.48, 24.04, 22.82, 23.34, 22.72, 23.24, 22.92, 21.66, 21.46, 20.14]
Asymptomatic : [0.0, 0.0, 2.4, 5.54, 8.42, 10.74, 12.42, 13.58, 14.9, 15.84, 17.04, 17.64, 18.44, 19.62, 21.02, 22.26, 23.16, 24.26, 25.92, 26.98, 28.2, 29.52, 30.36, 31.18, 32.36, 33.52, 34.6, 35.54, 36.42, 37.88, 38.6, 40.02, 40.44, 40.86, 41.54, 42.08, 42.96, 43.76, 44.14, 44.6, 45.38, 44.74, 44.62, 44.9, 44.48, 45.22, 45.12, 45.06, 44.82, 44.22, 44.7]
Symptomatic : [10.0, 9.08, 9.9, 10.78, 11.66, 12.58, 13.3, 14.32, 15.12, 16.12, 16.88, 17.08, 17.88, 18.82, 19.04, 19.62, 19.78, 20.2, 21.0, 21.58, 22.4, 23.0, 23.8, 24.56, 24.66, 25.32, 26.32, 27.18, 28.38, 28.6, 28.82, 29.12, 29.42, 30.24, 31.06, 31.6, 32.08, 31.74, 31.84, 32.24, 33.18, 33.34, 33.4, 33.9, 33.82, 33.82, 33.66, 33.54, 34.36, 34.54, 34.3]
Recovered : [0.0, 0.92, 2.0, 3.16, 4.9, 7.1, 9.48, 11.88, 14.52, 17.44, 20.78, 24.54, 28.14, 31.8, 35.42, 39.3, 43.84, 48.62, 52.62, 57.46, 62.1, 67.34, 72.58, 77.98, 83.78, 89.22, 94.84, 100.9, 107.28, 113.78, 120.4, 127.1, 134.16, 141.32, 147.88, 155.32, 162.78, 170.58, 178.18, 185.68, 192.42, 200.9, 208.98, 216.86, 224.8, 232.3, 239.92, 247.82, 255.36, 263.28, 270.9]



Run Type : Fam_both 0.0004 2

Susceptible : [990.0, 977.62, 970.6, 964.5, 959.04, 954.4, 949.4, 944.36, 939.64, 934.18, 929.02, 923.82, 917.66, 911.5, 905.84, 898.98, 891.84, 885.36, 878.34, 872.04, 864.72, 857.16, 850.16, 842.06, 834.82, 826.74, 815.46, 805.12, 795.08, 784.42, 773.8, 762.16, 751.28, 741.36, 731.46, 722.32, 713.96, 705.18, 697.16, 688.54, 680.8, 672.32, 665.06, 657.64, 650.34, 643.8, 636.7, 630.8, 624.56, 619.32, 613.98]
Exposed : [0.0, 12.38, 14.84, 15.5, 15.52, 14.64, 14.42, 14.28, 14.24, 14.74, 15.12, 15.22, 15.8, 16.64, 16.42, 17.02, 18.1, 18.7, 19.22, 18.52, 19.3, 20.34, 19.82, 21.1, 21.04, 22.32, 25.94, 26.72, 27.46, 28.54, 29.08, 30.44, 30.26, 29.88, 29.6, 28.94, 27.0, 25.96, 25.06, 24.98, 24.1, 24.64, 23.2, 21.94, 21.9, 20.86, 21.26, 19.98, 20.02, 18.38, 17.06]
Asymptomatic : [0.0, 0.0, 2.52, 5.2, 7.74, 10.02, 12.32, 14.0, 15.44, 16.62, 17.66, 19.16, 20.4, 21.8, 22.78, 24.26, 25.0, 26.0, 27.4, 28.9, 29.8, 30.62, 31.6, 32.0, 33.04, 33.6, 34.56, 36.76, 37.9, 38.9, 40.74, 42.66, 44.66, 46.52, 47.78, 49.16, 50.04, 50.6, 50.96, 50.3, 49.98, 49.88, 50.36, 50.38, 49.78, 48.48, 47.16, 46.5, 45.24, 44.92, 44.04]
Symptomatic : [10.0, 9.02, 10.16, 11.64, 12.72, 14.1, 14.6, 15.62, 16.1, 16.96, 17.24, 17.64, 18.02, 18.54, 19.8, 20.16, 21.0, 21.32, 22.14, 22.86, 23.42, 24.3, 25.16, 25.96, 26.64, 26.88, 27.6, 28.12, 29.2, 30.9, 31.74, 32.92, 34.5, 35.2, 36.4, 36.56, 37.18, 37.6, 37.64, 37.72, 37.78, 37.28, 36.96, 37.16, 36.48, 36.14, 34.98, 34.68, 33.96, 33.42, 32.58]
Recovered : [0.0, 0.98, 1.88, 3.16, 4.98, 6.84, 9.26, 11.74, 14.58, 17.5, 20.96, 24.16, 28.12, 31.52, 35.16, 39.58, 44.06, 48.62, 52.9, 57.68, 62.76, 67.58, 73.26, 78.88, 84.46, 90.46, 96.44, 103.28, 110.36, 117.24, 124.64, 131.82, 139.3, 147.04, 154.76, 163.02, 171.82, 180.66, 189.18, 198.46, 207.34, 215.88, 224.42, 232.88, 241.5, 250.72, 259.9, 268.04, 276.22, 283.96, 292.34]



Run Type : Fam_both 0.0004 3

Susceptible : [990.0, 977.24, 970.16, 964.82, 959.8, 955.4, 949.76, 945.3, 940.04, 935.22, 929.72, 924.48, 919.26, 913.32, 906.76, 899.98, 893.44, 882.72, 875.14, 866.86, 857.58, 847.18, 838.16, 828.36, 818.28, 809.18, 800.4, 792.06, 784.32, 776.02, 767.98, 760.84, 752.54, 740.4, 729.96, 719.84, 708.88, 697.84, 687.32, 677.26, 666.64, 656.82, 646.9, 638.5, 629.66, 621.04, 613.04, 605.08, 597.5, 590.9, 584.18]
Exposed : [0.0, 12.76, 14.92, 15.16, 14.9, 13.68, 14.7, 13.66, 14.52, 14.26, 15.1, 14.98, 15.1, 15.98, 16.92, 18.12, 17.94, 22.58, 22.54, 22.84, 23.74, 26.0, 25.76, 26.46, 27.72, 27.6, 27.04, 25.98, 24.68, 24.02, 23.82, 22.92, 23.04, 26.6, 28.04, 28.68, 30.34, 31.24, 31.1, 30.38, 30.62, 30.52, 29.74, 27.18, 26.28, 25.24, 24.04, 23.94, 23.04, 21.56, 20.64]
Asymptomatic : [0.0, 0.0, 2.96, 5.52, 7.38, 9.98, 11.82, 13.68, 14.56, 16.24, 17.42, 19.16, 20.16, 21.3, 22.46, 23.7, 24.82, 26.1, 27.42, 29.24, 31.26, 32.92, 34.86, 36.4, 37.76, 38.96, 40.26, 41.84, 42.78, 43.5, 43.56, 44.16, 44.56, 45.34, 46.34, 47.08, 47.88, 48.18, 49.72, 50.84, 51.76, 52.24, 53.38, 54.68, 54.76, 54.32, 54.08, 53.36, 53.56, 53.08, 52.42]
Symptomatic : [10.0, 9.22, 10.38, 11.78, 13.7, 14.8, 15.22, 15.96, 16.2, 16.6, 16.78, 17.58, 17.64, 17.6, 18.56, 18.64, 20.12, 20.46, 21.74, 23.26, 24.26, 25.42, 26.84, 28.04, 29.36, 30.12, 31.16, 32.08, 32.34, 32.96, 33.42, 33.62, 34.06, 34.72, 35.82, 35.72, 36.14, 37.02, 37.76, 38.28, 38.82, 39.48, 40.12, 40.78, 40.88, 41.14, 40.66, 40.58, 39.76, 38.72, 38.18]
Recovered : [0.0, 0.78, 1.58, 2.72, 4.22, 6.14, 8.5, 11.4, 14.68, 17.68, 20.98, 23.8, 27.84, 31.8, 35.3, 39.56, 43.68, 48.14, 53.16, 57.8, 63.16, 68.48, 74.38, 80.74, 86.88, 94.14, 101.14, 108.04, 115.88, 123.5, 131.22, 138.46, 145.8, 152.94, 159.84, 168.68, 176.76, 185.72, 194.1, 203.24, 212.16, 220.94, 229.86, 238.86, 248.42, 258.26, 268.18, 277.04, 286.14, 295.74, 304.58]



Run Type : Fam_both 0.0004 4

Susceptible : [990.0, 977.16, 970.72, 965.34, 960.62, 955.6, 950.92, 945.82, 940.6, 935.46, 929.54, 924.32, 918.38, 908.58, 901.18, 893.04, 884.56, 875.42, 866.3, 857.28, 848.8, 840.88, 832.62, 825.14, 817.5, 805.36, 795.7, 786.54, 776.44, 765.36, 755.44, 744.4, 733.92, 723.16, 713.66, 704.66, 695.78, 682.22, 672.48, 660.84, 649.82, 638.36, 626.64, 617.26, 607.68, 597.96, 588.5, 580.08, 571.1, 563.36, 556.08]
Exposed : [0.0, 12.84, 15.38, 14.9, 14.24, 14.26, 13.52, 14.0, 14.74, 14.38, 15.48, 15.54, 15.38, 19.68, 19.76, 20.7, 21.96, 23.02, 23.98, 24.64, 25.14, 24.46, 24.06, 23.44, 22.5, 26.58, 27.0, 26.86, 27.08, 29.12, 28.38, 29.44, 29.24, 29.76, 28.64, 27.32, 26.5, 31.12, 29.9, 30.96, 31.52, 32.18, 33.06, 30.88, 29.54, 29.28, 28.34, 26.98, 26.94, 25.82, 24.2]
Asymptomatic : [0.0, 0.0, 2.34, 5.24, 8.06, 10.14, 12.26, 13.64, 14.48, 16.58, 17.54, 18.62, 20.44, 21.44, 23.42, 24.5, 25.84, 27.54, 30.1, 31.7, 33.06, 34.02, 35.82, 37.18, 38.3, 39.02, 40.62, 41.8, 43.02, 43.6, 45.02, 46.7, 48.28, 49.26, 50.24, 51.44, 52.22, 51.36, 52.98, 53.46, 53.84, 54.4, 55.42, 57.04, 58.08, 58.3, 58.34, 58.62, 58.06, 57.72, 57.0]
Symptomatic : [10.0, 9.08, 9.84, 11.52, 12.52, 13.6, 14.66, 15.22, 15.94, 16.82, 17.64, 18.42, 19.14, 20.04, 21.04, 22.58, 23.56, 24.88, 25.62, 27.28, 27.84, 28.62, 29.22, 29.72, 30.64, 31.04, 31.86, 32.56, 33.44, 34.06, 35.04, 35.9, 36.9, 37.38, 38.58, 39.4, 39.14, 39.02, 39.56, 39.5, 40.58, 40.5, 41.0, 41.34, 41.46, 41.98, 42.82, 42.18, 41.48, 41.04, 40.1]
Recovered : [0.0, 0.92, 1.72, 3.0, 4.56, 6.4, 8.64, 11.32, 14.24, 16.76, 19.8, 23.1, 26.66, 30.26, 34.6, 39.18, 44.08, 49.14, 54.0, 59.1, 65.16, 72.02, 78.28, 84.52, 91.06, 98.0, 104.82, 112.24, 120.02, 127.86, 136.12, 143.56, 151.66, 160.44, 168.88, 177.18, 186.36, 196.28, 205.08, 215.24, 224.24, 234.56, 243.88, 253.48, 263.24, 272.48, 282.0, 292.14, 302.42, 312.06, 322.62]



Run Type : Fam_both 0.0004 5

Susceptible : [990.0, 977.04, 970.04, 964.86, 959.56, 954.88, 950.2, 945.36, 940.2, 934.68, 929.42, 921.14, 913.82, 907.12, 898.66, 890.68, 881.9, 873.3, 865.96, 858.28, 850.0, 838.4, 828.86, 818.42, 808.74, 797.16, 785.66, 774.88, 764.64, 754.2, 744.92, 730.64, 719.48, 707.48, 694.04, 681.5, 668.1, 656.14, 643.62, 632.24, 621.38, 605.5, 592.3, 578.74, 564.84, 551.96, 538.94, 526.36, 514.42, 502.78, 492.64]
Exposed : [0.0, 12.96, 15.36, 15.02, 15.06, 14.4, 14.14, 13.82, 14.14, 14.82, 14.78, 17.82, 19.14, 19.1, 21.16, 21.36, 22.8, 23.38, 22.8, 22.48, 22.86, 26.02, 26.7, 28.18, 27.28, 29.28, 30.16, 31.28, 30.18, 30.04, 28.66, 33.36, 32.98, 33.4, 34.48, 34.6, 36.02, 35.64, 35.74, 34.82, 33.54, 37.68, 37.84, 38.52, 38.56, 37.88, 37.24, 36.42, 35.7, 34.88, 32.68]
Asymptomatic : [0.0, 0.0, 2.62, 5.34, 8.06, 10.18, 11.92, 13.4, 15.08, 16.3, 17.64, 19.0, 20.64, 22.42, 24.1, 25.54, 27.34, 29.18, 31.06, 32.34, 33.46, 35.04, 36.64, 38.12, 39.9, 41.12, 43.76, 44.52, 46.0, 47.04, 48.52, 49.04, 50.84, 51.92, 53.84, 55.62, 56.74, 57.98, 58.4, 60.24, 61.52, 62.6, 63.86, 64.82, 66.14, 68.0, 69.1, 69.32, 69.44, 69.18, 69.66]
Symptomatic : [10.0, 9.06, 10.24, 11.72, 12.66, 13.62, 14.24, 15.06, 15.5, 16.1, 16.8, 17.1, 18.1, 19.18, 19.7, 21.38, 22.32, 23.46, 24.34, 25.16, 25.86, 26.66, 27.86, 28.44, 30.24, 31.72, 33.0, 34.08, 35.12, 36.36, 37.0, 37.44, 38.4, 39.74, 40.78, 41.52, 42.78, 44.14, 45.82, 45.96, 46.5, 46.34, 47.18, 47.86, 49.0, 49.78, 50.42, 50.72, 51.26, 51.6, 51.38]
Recovered : [0.0, 0.94, 1.74, 3.06, 4.66, 6.92, 9.5, 12.36, 15.08, 18.1, 21.36, 24.94, 28.3, 32.18, 36.38, 41.04, 45.64, 50.68, 55.84, 61.74, 67.82, 73.88, 79.94, 86.84, 93.84, 100.72, 107.42, 115.24, 124.06, 132.36, 140.9, 149.52, 158.3, 167.46, 176.86, 186.76, 196.36, 206.1, 216.42, 226.74, 237.06, 247.88, 258.82, 270.06, 281.46, 292.38, 304.3, 317.18, 329.18, 341.56, 353.64]



Run Type : Fam_both 0.0004 6

Susceptible : [990.0, 977.36, 970.42, 965.1, 959.52, 954.56, 950.22, 945.88, 941.0, 932.8, 926.54, 919.4, 912.02, 904.76, 897.4, 890.36, 882.28, 871.74, 862.84, 853.68, 844.3, 834.26, 824.1, 814.74, 805.28, 790.9, 779.82, 767.56, 755.16, 742.92, 729.62, 718.14, 706.0, 687.9, 673.34, 658.52, 643.46, 627.5, 613.0, 599.26, 584.96, 565.26, 549.76, 534.82, 520.04, 505.5, 491.66, 478.52, 465.86, 454.22, 443.38]
Exposed : [0.0, 12.64, 15.32, 15.22, 15.62, 15.32, 14.9, 13.72, 13.48, 16.64, 16.98, 18.0, 18.64, 19.3, 19.66, 19.74, 20.6, 23.6, 24.52, 24.6, 25.48, 26.46, 27.42, 27.24, 26.98, 31.3, 30.78, 32.88, 33.86, 33.88, 34.98, 33.7, 33.74, 39.62, 41.18, 41.26, 41.86, 43.2, 42.92, 41.7, 41.66, 46.96, 45.96, 44.66, 45.04, 44.06, 42.48, 40.98, 39.66, 37.78, 34.26]
Asymptomatic : [0.0, 0.0, 2.58, 5.3, 7.76, 10.12, 11.88, 13.7, 15.06, 16.28, 17.72, 19.24, 20.96, 22.92, 24.56, 26.16, 28.34, 29.4, 30.7, 32.62, 34.12, 35.7, 37.4, 39.04, 41.36, 43.26, 45.44, 47.38, 49.32, 51.74, 54.3, 55.96, 57.0, 57.72, 58.6, 61.24, 63.38, 64.8, 67.18, 69.3, 70.52, 71.72, 74.16, 75.22, 75.42, 76.94, 78.16, 79.08, 79.02, 79.02, 78.5]
Symptomatic : [10.0, 9.0, 9.8, 11.2, 12.4, 13.5, 14.38, 15.42, 16.16, 16.68, 17.94, 19.0, 20.4, 20.42, 21.56, 22.36, 23.32, 24.02, 25.22, 26.52, 27.62, 28.88, 29.64, 30.76, 31.4, 32.18, 33.78, 34.4, 35.78, 36.9, 37.96, 39.66, 41.26, 42.4, 44.42, 46.72, 48.5, 50.96, 51.86, 52.64, 53.56, 53.52, 54.98, 57.0, 57.46, 58.36, 59.0, 59.26, 59.0, 59.18, 59.58]
Recovered : [0.0, 1.0, 1.88, 3.18, 4.7, 6.5, 8.62, 11.28, 14.3, 17.6, 20.82, 24.36, 27.98, 32.6, 36.82, 41.38, 45.46, 51.24, 56.72, 62.58, 68.48, 74.7, 81.44, 88.22, 94.98, 102.36, 110.18, 117.78, 125.88, 134.56, 143.14, 152.54, 162.0, 172.36, 182.46, 192.26, 202.8, 213.54, 225.04, 237.1, 249.3, 262.54, 275.14, 288.3, 302.04, 315.14, 328.7, 342.16, 356.46, 369.8, 384.28]



Run Type : Fam_both 0.0004 7

Susceptible : [990.0, 976.84, 969.96, 964.74, 960.06, 955.88, 951.56, 946.28, 939.84, 933.7, 926.52, 919.74, 912.54, 905.1, 898.06, 888.66, 880.26, 871.96, 862.68, 853.52, 844.04, 835.22, 820.86, 809.68, 797.12, 785.56, 772.92, 761.22, 749.28, 731.58, 718.02, 702.7, 687.48, 672.78, 656.96, 643.62, 624.06, 608.36, 593.1, 577.8, 562.32, 545.98, 531.84, 512.56, 497.64, 482.78, 467.48, 452.98, 440.28, 427.92, 416.62]
Exposed : [0.0, 13.16, 15.24, 15.5, 14.66, 13.4, 13.16, 13.84, 15.46, 16.22, 17.74, 18.02, 18.7, 19.46, 20.0, 22.72, 22.96, 23.3, 24.64, 24.94, 25.34, 25.14, 30.36, 31.74, 33.56, 33.18, 34.6, 34.44, 34.58, 40.58, 39.42, 41.42, 42.24, 42.12, 43.12, 40.46, 45.9, 46.2, 45.1, 44.3, 44.62, 45.82, 43.26, 47.3, 45.9, 43.98, 43.48, 42.64, 40.46, 38.06, 35.94]
Asymptomatic : [0.0, 0.0, 2.64, 5.3, 7.86, 10.08, 11.88, 13.1, 14.42, 16.2, 17.92, 19.9, 21.42, 22.9, 24.28, 26.26, 28.5, 30.7, 31.96, 33.78, 35.28, 37.38, 39.16, 40.82, 42.52, 45.12, 46.42, 48.34, 50.22, 51.92, 55.5, 57.26, 60.0, 62.12, 64.24, 67.52, 68.98, 71.58, 74.72, 77.4, 79.06, 79.42, 80.4, 81.02, 81.4, 81.82, 82.96, 83.96, 83.62, 83.34, 82.58]
Symptomatic : [10.0, 9.16, 10.26, 11.42, 12.84, 14.24, 14.48, 14.84, 15.3, 16.06, 16.64, 17.88, 18.82, 20.04, 20.74, 21.34, 22.38, 23.44, 24.54, 26.08, 27.48, 28.46, 29.84, 31.22, 32.86, 35.1, 36.56, 38.1, 39.82, 40.74, 42.86, 43.98, 45.98, 48.18, 50.28, 51.94, 52.66, 53.48, 54.38, 56.28, 56.9, 58.36, 60.14, 60.66, 61.7, 62.86, 63.64, 63.36, 63.16, 63.78, 63.22]
Recovered : [0.0, 0.84, 1.9, 3.04, 4.58, 6.4, 8.92, 11.94, 14.98, 17.82, 21.18, 24.46, 28.52, 32.5, 36.92, 41.02, 45.9, 50.6, 56.18, 61.68, 67.86, 73.8, 79.78, 86.54, 93.94, 101.04, 109.5, 117.9, 126.1, 135.18, 144.2, 154.64, 164.3, 174.8, 185.4, 196.46, 208.4, 220.38, 232.7, 244.22, 257.1, 270.42, 284.36, 298.46, 313.36, 328.56, 342.44, 357.06, 372.48, 386.9, 401.64]



Run Type : Fam_both 0.0004 8

Susceptible : [990.0, 977.22, 970.8, 964.52, 959.78, 955.42, 950.4, 944.2, 938.72, 932.98, 926.78, 920.24, 913.84, 904.88, 896.28, 888.68, 880.04, 871.86, 863.04, 850.98, 840.78, 829.76, 817.76, 806.28, 794.2, 777.92, 764.48, 751.04, 735.9, 721.38, 706.18, 685.86, 669.0, 652.9, 636.4, 619.38, 603.1, 582.12, 564.48, 547.62, 531.6, 517.32, 503.5, 484.2, 468.42, 453.08, 437.78, 422.88, 409.36, 396.36, 384.72]
Exposed : [0.0, 12.78, 14.58, 16.44, 15.46, 14.8, 14.42, 15.78, 15.54, 16.04, 16.8, 17.82, 17.64, 20.34, 21.96, 21.98, 22.72, 23.2, 23.7, 28.04, 28.8, 28.98, 31.06, 31.9, 33.12, 38.08, 39.04, 38.7, 40.82, 40.84, 41.84, 47.5, 47.9, 47.18, 46.18, 46.7, 46.54, 51.22, 50.34, 49.88, 49.52, 47.14, 44.42, 48.36, 47.18, 45.5, 44.64, 44.26, 41.36, 39.38, 37.02]
Asymptomatic : [0.0, 0.0, 2.82, 5.1, 7.84, 10.02, 11.84, 13.58, 15.86, 17.54, 19.04, 20.4, 21.9, 23.36, 25.28, 27.08, 29.2, 30.44, 32.4, 33.92, 36.12, 39.34, 40.88, 42.12, 43.88, 45.72, 47.26, 50.24, 52.92, 56.1, 59.5, 62.04, 65.9, 68.92, 72.18, 73.62, 75.8, 77.46, 81.06, 82.6, 85.06, 86.02, 86.8, 86.92, 88.02, 88.54, 89.2, 89.0, 89.12, 88.72, 87.76]
Symptomatic : [10.0, 9.06, 10.14, 11.2, 12.52, 13.18, 14.1, 14.76, 15.58, 16.3, 17.06, 17.78, 19.18, 19.92, 20.6, 21.48, 22.46, 23.58, 24.22, 25.12, 26.62, 28.48, 29.8, 32.22, 34.06, 35.36, 37.5, 40.04, 41.2, 43.36, 44.28, 45.8, 47.52, 49.14, 50.9, 53.28, 55.22, 57.22, 58.76, 59.96, 60.52, 61.26, 62.02, 62.24, 63.48, 65.06, 64.92, 66.02, 66.64, 66.48, 65.96]
Recovered : [0.0, 0.94, 1.66, 2.74, 4.4, 6.58, 9.24, 11.68, 14.3, 17.14, 20.32, 23.76, 27.44, 31.5, 35.88, 40.78, 45.58, 50.92, 56.64, 61.94, 67.68, 73.44, 80.5, 87.48, 94.74, 102.92, 111.72, 119.98, 129.16, 138.32, 148.2, 158.8, 169.68, 181.86, 194.34, 207.02, 219.34, 231.98, 245.36, 259.94, 273.3, 288.26, 303.26, 318.28, 332.9, 347.82, 363.46, 377.84, 393.52, 409.06, 424.54]



Run Type : Fam_both 0.0004 9

Susceptible : [990.0, 977.54, 970.86, 964.78, 959.88, 954.96, 948.66, 942.74, 936.9, 930.32, 923.2, 914.4, 906.56, 897.78, 889.1, 880.46, 868.04, 857.34, 846.64, 835.92, 824.32, 808.7, 794.78, 780.76, 766.16, 751.08, 732.22, 715.64, 697.38, 680.3, 662.88, 642.2, 624.22, 605.76, 587.6, 570.42, 547.38, 528.74, 509.86, 491.9, 474.92, 451.44, 433.42, 415.64, 398.86, 383.76, 369.74, 356.82, 344.0, 333.3, 323.88]
Exposed : [0.0, 12.46, 14.94, 15.84, 14.98, 14.54, 15.86, 16.4, 16.32, 16.58, 17.94, 20.32, 20.84, 22.52, 23.16, 24.14, 28.08, 29.22, 30.02, 30.3, 31.6, 35.98, 37.06, 37.58, 39.22, 40.56, 45.18, 45.62, 47.98, 47.7, 48.84, 52.4, 52.04, 52.22, 52.26, 50.38, 55.64, 55.14, 54.46, 53.46, 52.28, 56.86, 55.06, 53.02, 51.44, 48.72, 45.98, 42.52, 40.62, 36.56, 33.58]
Asymptomatic : [0.0, 0.0, 2.38, 5.3, 7.72, 10.02, 12.22, 14.16, 16.24, 18.42, 20.32, 22.22, 24.4, 26.2, 28.28, 29.76, 31.5, 33.3, 35.42, 38.34, 40.0, 42.48, 44.98, 48.2, 50.32, 53.18, 56.1, 60.28, 63.9, 67.12, 68.78, 71.86, 75.22, 77.7, 81.2, 83.2, 84.86, 87.5, 90.14, 91.6, 93.46, 94.44, 96.6, 98.58, 99.72, 100.8, 100.18, 99.92, 97.36, 95.2, 93.22]
Symptomatic : [10.0, 9.2, 10.24, 11.42, 12.82, 13.96, 14.32, 14.92, 15.92, 17.06, 17.4, 18.38, 19.56, 20.8, 22.06, 23.12, 24.42, 26.48, 28.04, 29.6, 31.56, 32.98, 35.8, 38.06, 39.7, 41.4, 43.44, 46.12, 47.68, 50.28, 51.7, 54.08, 56.02, 58.42, 60.1, 62.18, 63.58, 65.76, 67.62, 69.54, 69.94, 70.64, 72.02, 72.56, 72.72, 72.48, 72.7, 72.06, 70.72, 70.24, 68.74]
Recovered : [0.0, 0.8, 1.58, 2.66, 4.6, 6.52, 8.94, 11.78, 14.62, 17.62, 21.14, 24.68, 28.64, 32.7, 37.4, 42.52, 47.96, 53.66, 59.88, 65.84, 72.52, 79.86, 87.38, 95.4, 104.6, 113.78, 123.06, 132.34, 143.06, 154.6, 167.8, 179.46, 192.5, 205.9, 218.84, 233.82, 248.54, 262.86, 277.92, 293.5, 309.4, 326.62, 342.9, 360.2, 377.26, 394.24, 411.4, 428.68, 447.3, 464.7, 480.58]


Run Type : Fam_both 0.0004 10

Susceptible : [990.0, 977.18, 970.48, 964.6, 959.88, 955.08, 949.22, 944.02, 938.32, 932.22, 925.92, 917.8, 909.9, 901.84, 893.82, 886.28, 874.62, 864.4, 853.3, 842.28, 831.72, 816.4, 803.62, 789.8, 775.3, 761.16, 741.54, 725.18, 708.64, 692.44, 675.8, 654.9, 636.56, 619.28, 601.22, 584.46, 560.58, 541.94, 523.2, 505.0, 488.5, 464.92, 446.72, 430.0, 412.68, 397.2, 376.76, 361.34, 346.66, 331.62, 318.82]
Exposed : [0.0, 12.82, 14.7, 15.46, 14.72, 14.4, 14.8, 14.76, 15.56, 16.54, 16.6, 18.38, 19.36, 20.72, 21.94, 21.8, 24.84, 26.1, 28.18, 29.66, 29.66, 34.16, 34.66, 36.24, 38.18, 38.48, 45.04, 46.64, 47.06, 47.62, 47.78, 51.92, 52.14, 51.08, 51.06, 49.32, 56.38, 54.72, 53.2, 53.38, 51.44, 56.92, 55.58, 52.4, 51.36, 48.18, 51.82, 50.08, 47.02, 46.04, 42.78]
Asymptomatic : [0.0, 0.0, 2.96, 5.66, 7.96, 10.0, 12.32, 14.0, 15.26, 16.76, 18.6, 20.2, 22.44, 24.3, 25.46, 27.22, 29.92, 32.34, 34.48, 36.52, 39.22, 41.42, 43.96, 46.92, 49.94, 52.96, 55.64, 58.38, 61.88, 64.34, 66.88, 69.18, 72.86, 75.66, 78.5, 80.72, 82.66, 85.66, 87.72, 89.1, 90.88, 92.12, 94.6, 96.62, 97.18, 97.66, 97.7, 97.6, 97.58, 96.14, 95.78]
Symptomatic : [10.0, 9.04, 9.92, 10.82, 12.26, 13.4, 14.52, 15.52, 16.26, 16.92, 17.58, 18.9, 19.7, 20.5, 21.72, 23.0, 23.96, 25.62, 26.84, 28.52, 30.08, 31.76, 33.9, 36.02, 37.6, 40.08, 41.52, 44.1, 46.68, 49.18, 51.22, 54.52, 56.92, 59.72, 62.46, 64.34, 65.3, 68.14, 70.68, 71.86, 72.4, 72.28, 73.62, 74.96, 75.06, 75.16, 75.02, 74.06, 74.88, 74.98, 74.4]
Recovered : [0.0, 0.96, 1.94, 3.46, 5.18, 7.12, 9.14, 11.7, 14.6, 17.56, 21.3, 24.72, 28.6, 32.64, 37.06, 41.7, 46.66, 51.54, 57.2, 63.02, 69.32, 76.26, 83.86, 91.02, 98.98, 107.32, 116.26, 125.7, 135.74, 146.42, 158.32, 169.48, 181.52, 194.26, 206.76, 221.16, 235.08, 249.54, 265.2, 280.66, 296.78, 313.76, 329.48, 346.02, 363.72, 381.8, 398.7, 416.92, 433.86, 451.22, 468.22]



Run Type : Fam_both 0.0004 15

Susceptible : [990.0, 977.62, 971.4, 965.58, 960.58, 955.9, 951.06, 945.16, 939.76, 933.52, 924.92, 917.14, 909.42, 898.76, 889.24, 879.26, 865.54, 852.3, 839.88, 823.84, 808.44, 793.76, 774.24, 757.92, 741.56, 719.34, 700.32, 680.9, 656.5, 634.7, 613.46, 587.6, 565.28, 543.18, 514.88, 491.08, 468.46, 443.7, 421.42, 401.14, 376.1, 356.52, 338.06, 317.72, 300.5, 283.78, 268.34, 255.18, 243.32, 233.12, 223.78]
Exposed : [0.0, 12.38, 13.9, 14.92, 14.18, 14.5, 14.26, 14.8, 14.86, 15.62, 18.78, 20.2, 21.22, 24.42, 25.74, 26.98, 31.12, 33.34, 33.86, 38.6, 39.82, 40.18, 46.0, 46.32, 46.0, 51.9, 53.76, 54.06, 59.04, 60.78, 60.68, 64.34, 64.12, 63.5, 68.58, 68.18, 67.0, 67.18, 65.62, 62.08, 65.22, 61.92, 58.44, 58.16, 55.92, 53.32, 49.36, 45.24, 41.16, 37.32, 33.06]
Asymptomatic : [0.0, 0.0, 2.74, 5.56, 7.86, 9.54, 11.74, 13.74, 15.32, 16.78, 18.16, 20.06, 22.32, 24.4, 26.68, 28.9, 31.14, 34.48, 37.84, 40.18, 44.62, 48.3, 51.52, 54.76, 59.26, 62.96, 66.08, 69.98, 74.38, 78.06, 83.02, 87.7, 92.18, 96.22, 99.74, 103.58, 106.86, 109.62, 112.28, 114.74, 115.7, 118.24, 119.5, 119.22, 118.06, 117.58, 116.98, 116.7, 115.38, 110.98, 108.18]
Symptomatic : [10.0, 8.9, 10.04, 10.8, 12.52, 13.2, 13.86, 14.4, 15.6, 16.62, 17.28, 18.78, 19.46, 20.58, 21.94, 23.28, 25.32, 27.46, 29.98, 32.46, 35.0, 37.0, 38.4, 41.5, 44.5, 47.32, 50.26, 53.6, 57.02, 59.88, 62.76, 65.6, 67.78, 70.06, 73.22, 76.3, 78.46, 80.88, 82.96, 84.76, 85.96, 87.48, 87.6, 87.64, 87.4, 87.48, 87.26, 85.36, 83.16, 81.6, 78.86]
Recovered : [0.0, 1.1, 1.92, 3.14, 4.86, 6.86, 9.08, 11.9, 14.46, 17.46, 20.86, 23.82, 27.58, 31.84, 36.4, 41.58, 46.88, 52.42, 58.44, 64.92, 72.12, 80.76, 89.84, 99.5, 108.68, 118.48, 129.58, 141.46, 153.06, 166.58, 180.08, 194.76, 210.64, 227.04, 243.58, 260.86, 279.22, 298.62, 317.72, 337.28, 357.02, 375.84, 396.4, 417.26, 438.12, 457.84, 478.06, 497.52, 516.98, 536.98, 556.12]



Run Type : Fam_both 0.0004 20

Susceptible : [990.0, 977.7, 970.7, 964.62, 959.78, 955.08, 950.46, 944.0, 937.4, 929.24, 921.56, 910.7, 901.1, 887.58, 876.6, 861.62, 849.62, 832.84, 818.1, 799.36, 782.84, 761.02, 742.74, 719.68, 699.18, 675.62, 652.98, 626.98, 603.72, 577.72, 553.4, 523.48, 498.46, 470.12, 446.06, 417.34, 391.78, 364.42, 340.32, 313.32, 291.74, 271.76, 253.22, 236.36, 221.84, 209.5, 198.62, 189.3, 180.62, 172.9, 166.48]
Exposed : [0.0, 12.3, 14.78, 15.58, 14.8, 14.06, 14.06, 15.26, 17.22, 19.38, 20.38, 23.92, 24.7, 29.2, 29.76, 34.78, 34.2, 39.14, 40.7, 45.24, 46.38, 51.78, 51.68, 57.18, 57.7, 60.84, 63.36, 67.5, 68.0, 70.0, 69.06, 75.58, 73.72, 76.0, 72.84, 75.02, 73.52, 75.88, 73.26, 75.14, 70.92, 66.5, 62.02, 57.64, 52.64, 46.86, 41.74, 36.22, 31.66, 28.42, 24.96]
Asymptomatic : [0.0, 0.0, 2.62, 5.8, 8.48, 10.78, 12.26, 14.14, 15.52, 17.46, 19.2, 21.36, 24.06, 26.26, 29.52, 32.0, 35.64, 38.88, 42.44, 46.66, 50.64, 54.46, 59.82, 64.08, 69.18, 73.64, 78.14, 81.92, 86.98, 92.5, 97.26, 100.94, 105.28, 108.42, 113.28, 117.18, 120.66, 122.42, 124.74, 125.88, 127.98, 129.04, 129.88, 129.14, 127.1, 124.04, 120.22, 116.94, 111.8, 105.42, 101.24]
Symptomatic : [10.0, 8.68, 9.86, 10.94, 12.48, 13.34, 14.2, 14.78, 15.12, 16.26, 17.86, 19.16, 21.18, 23.26, 25.72, 27.38, 29.72, 32.12, 34.56, 36.76, 39.88, 43.08, 46.32, 49.22, 52.08, 55.64, 58.6, 62.46, 66.9, 69.88, 74.22, 77.04, 81.76, 85.08, 89.18, 91.12, 93.6, 95.26, 97.14, 98.68, 100.46, 102.16, 101.82, 99.88, 99.24, 97.12, 94.22, 91.18, 88.76, 85.28, 81.62]
Recovered : [0.0, 1.32, 2.04, 3.06, 4.46, 6.74, 9.02, 11.82, 14.74, 17.66, 21.0, 24.86, 28.96, 33.7, 38.4, 44.22, 50.82, 57.02, 64.2, 71.98, 80.26, 89.66, 99.44, 109.84, 121.86, 134.26, 146.92, 161.14, 174.4, 189.9, 206.06, 222.96, 240.78, 260.38, 278.64, 299.34, 320.44, 342.02, 364.54, 386.98, 408.9, 430.54, 453.06, 476.98, 499.18, 522.48, 545.2, 566.36, 587.16, 607.98, 625.7]



Run Type : Fam_both 0.0004 25

Susceptible : [990.0, 977.3, 970.46, 963.98, 958.68, 953.12, 947.52, 940.16, 933.36, 923.96, 915.28, 904.64, 893.52, 881.52, 869.7, 854.8, 840.18, 822.0, 806.7, 787.04, 768.5, 746.2, 727.0, 702.84, 680.9, 655.86, 633.22, 606.86, 582.52, 555.74, 531.94, 502.86, 477.46, 449.88, 424.06, 396.4, 372.12, 346.06, 324.54, 298.7, 276.2, 254.74, 236.52, 216.76, 200.34, 182.64, 167.94, 153.62, 141.72, 130.38, 121.06]
Exposed : [0.0, 12.7, 14.78, 16.0, 15.5, 15.72, 15.62, 17.3, 18.06, 21.4, 22.44, 25.02, 27.1, 29.7, 31.0, 34.32, 36.74, 42.24, 43.66, 48.56, 49.74, 55.08, 55.28, 60.36, 60.42, 64.7, 65.54, 68.44, 69.18, 71.7, 70.9, 75.3, 73.78, 75.16, 74.48, 75.9, 73.52, 72.74, 68.7, 70.86, 69.36, 66.92, 60.2, 58.98, 54.98, 53.14, 48.72, 45.64, 41.44, 38.0, 33.68]
Asymptomatic : [0.0, 0.0, 2.94, 5.6, 8.24, 10.44, 12.8, 14.9, 17.1, 18.8, 21.16, 23.68, 26.18, 29.04, 31.12, 34.56, 37.76, 40.96, 44.66, 48.68, 53.92, 58.68, 63.62, 68.22, 72.48, 76.64, 80.9, 86.44, 92.04, 96.76, 100.9, 105.12, 110.82, 114.28, 118.62, 121.74, 125.68, 128.2, 130.08, 130.94, 132.14, 132.82, 132.94, 132.78, 132.06, 130.38, 128.04, 124.98, 121.54, 116.94, 113.44]
Symptomatic : [10.0, 8.94, 10.06, 11.46, 12.9, 13.88, 14.84, 15.48, 16.32, 17.66, 19.22, 20.72, 22.8, 24.44, 27.36, 29.4, 31.6, 33.8, 36.1, 38.7, 42.16, 45.1, 48.2, 51.68, 57.02, 60.34, 63.94, 67.56, 70.04, 72.78, 76.44, 79.1, 81.8, 85.84, 88.24, 89.52, 91.42, 93.58, 95.7, 97.04, 97.86, 98.18, 98.34, 97.08, 95.4, 93.66, 92.58, 91.78, 88.96, 86.3, 83.06]
Recovered : [0.0, 1.06, 1.76, 2.96, 4.68, 6.84, 9.22, 12.16, 15.16, 18.18, 21.9, 25.94, 30.4, 35.3, 40.82, 46.92, 53.72, 61.0, 68.88, 77.02, 85.68, 94.94, 105.9, 116.9, 129.18, 142.46, 156.4, 170.7, 186.22, 203.02, 219.82, 237.62, 256.14, 274.84, 294.6, 316.44, 337.26, 359.42, 380.98, 402.46, 424.44, 447.34, 472.0, 494.4, 517.22, 540.18, 562.72, 583.98, 606.34, 628.38, 648.76]



Run Type : Fam_both 0.0004 30

Susceptible : [990.0, 977.14, 970.18, 963.78, 958.96, 952.58, 946.04, 938.86, 931.58, 922.42, 911.78, 900.16, 887.06, 873.92, 858.78, 842.54, 824.0, 805.18, 783.1, 759.78, 732.2, 705.96, 677.54, 646.3, 614.36, 582.66, 548.36, 515.14, 481.24, 448.74, 415.72, 385.68, 357.94, 333.56, 311.84, 291.88, 274.34, 259.8, 246.1, 234.7, 224.64, 215.88, 208.54, 201.68, 196.94, 192.08, 187.9, 183.88, 180.64, 177.3, 174.7]
Exposed : [0.0, 12.86, 15.5, 17.06, 15.84, 16.52, 17.7, 19.16, 20.38, 21.68, 25.0, 27.76, 30.7, 32.42, 36.22, 39.58, 44.12, 47.0, 52.16, 57.14, 65.28, 68.74, 74.1, 79.7, 82.06, 85.16, 89.9, 91.2, 92.68, 92.64, 93.86, 91.44, 87.06, 81.64, 74.14, 67.42, 60.48, 54.38, 48.86, 42.78, 37.58, 33.4, 28.76, 25.92, 21.66, 18.8, 16.46, 15.06, 13.4, 12.1, 10.64]
Asymptomatic : [0.0, 0.0, 2.44, 4.84, 7.62, 10.34, 12.56, 14.02, 16.46, 19.42, 21.48, 24.04, 27.38, 31.54, 34.7, 39.1, 43.46, 47.94, 52.82, 58.58, 64.8, 72.46, 77.8, 85.5, 93.74, 101.12, 107.98, 115.2, 122.62, 129.44, 135.6, 141.14, 144.8, 147.2, 149.2, 149.88, 147.62, 144.16, 141.32, 136.64, 132.08, 126.12, 120.94, 115.34, 109.04, 102.72, 96.5, 89.78, 83.64, 77.8, 71.66]
Symptomatic : [10.0, 9.04, 9.94, 11.16, 12.72, 13.58, 14.56, 15.68, 16.3, 17.96, 19.42, 21.2, 23.6, 26.0, 29.02, 30.92, 34.18, 37.92, 41.52, 45.5, 48.02, 52.74, 57.46, 62.36, 69.12, 74.32, 79.72, 85.7, 91.18, 95.28, 99.04, 103.1, 106.78, 109.3, 110.24, 110.24, 110.2, 107.9, 105.56, 101.84, 98.1, 93.86, 89.16, 83.1, 78.4, 73.46, 68.58, 64.28, 59.96, 55.16, 51.52]
Recovered : [0.0, 0.96, 1.94, 3.16, 4.86, 6.98, 9.14, 12.28, 15.28, 18.52, 22.32, 26.84, 31.26, 36.12, 41.28, 47.86, 54.24, 61.96, 70.4, 79.0, 89.7, 100.1, 113.1, 126.14, 140.72, 156.74, 174.04, 192.76, 212.28, 233.9, 255.78, 278.64, 303.42, 328.3, 354.58, 380.58, 407.36, 433.76, 458.16, 484.04, 507.6, 530.74, 552.6, 573.96, 593.96, 612.94, 630.56, 647.0, 662.36, 677.64, 691.48]



Run Type : Fam_both 0.0004 35

Susceptible : [990.0, 977.0, 969.5, 963.52, 957.92, 951.72, 945.18, 938.06, 929.7, 920.04, 910.16, 898.28, 884.44, 870.12, 853.88, 835.84, 817.16, 796.92, 774.92, 751.6, 725.04, 698.26, 669.54, 639.4, 606.54, 574.86, 541.26, 507.2, 471.68, 439.84, 407.6, 374.96, 342.98, 312.62, 283.9, 256.9, 233.42, 213.28, 196.06, 180.76, 167.1, 156.5, 147.58, 140.64, 134.72, 129.2, 124.48, 120.32, 116.86, 113.92, 111.84]
Exposed : [0.0, 13.0, 15.82, 16.12, 15.98, 16.16, 17.04, 18.2, 20.58, 22.98, 24.94, 28.2, 31.56, 34.86, 38.18, 43.08, 46.72, 49.88, 55.16, 59.44, 65.04, 68.88, 73.66, 77.28, 83.74, 87.04, 89.88, 92.8, 95.16, 92.76, 91.32, 92.38, 91.96, 91.0, 87.22, 84.5, 78.5, 71.9, 64.26, 57.22, 50.34, 43.24, 37.96, 32.9, 27.52, 23.2, 19.7, 17.1, 14.6, 12.62, 10.18]
Asymptomatic : [0.0, 0.0, 2.88, 5.92, 8.66, 11.32, 13.2, 15.12, 17.26, 19.22, 21.92, 24.66, 28.52, 31.82, 36.18, 39.86, 43.98, 49.58, 54.08, 59.22, 65.5, 72.34, 79.14, 86.1, 92.06, 99.0, 106.08, 114.44, 121.52, 129.44, 135.86, 140.04, 145.16, 148.62, 152.1, 153.8, 154.6, 154.3, 153.32, 151.0, 147.48, 143.04, 136.9, 130.26, 124.5, 117.28, 110.02, 103.6, 96.44, 90.14, 84.06]
Symptomatic : [10.0, 8.84, 9.74, 11.06, 12.3, 13.46, 14.62, 15.8, 16.82, 18.52, 20.1, 22.08, 23.88, 26.44, 29.4, 32.3, 35.66, 39.18, 43.0, 47.78, 51.48, 55.72, 60.08, 65.3, 70.02, 74.56, 80.94, 85.78, 91.52, 97.06, 101.58, 105.4, 109.2, 111.94, 114.56, 114.98, 115.96, 115.72, 115.16, 113.5, 111.64, 107.64, 102.44, 97.38, 92.0, 87.88, 82.58, 77.18, 72.04, 67.16, 62.92]
Recovered : [0.0, 1.16, 2.06, 3.38, 5.14, 7.34, 9.96, 12.82, 15.64, 19.24, 22.88, 26.78, 31.6, 36.76, 42.36, 48.92, 56.48, 64.44, 72.84, 81.96, 92.94, 104.8, 117.58, 131.92, 147.64, 164.54, 181.84, 199.78, 220.12, 240.9, 263.64, 287.22, 310.7, 335.82, 362.22, 389.82, 417.52, 444.8, 471.2, 497.52, 523.44, 549.58, 575.12, 598.82, 621.26, 642.44, 663.22, 681.8, 700.06, 716.16, 731.0]



Run Type : Fam_both 0.0004 40

Susceptible : [990.0, 977.6, 970.2, 964.02, 958.28, 952.42, 946.4, 939.22, 930.92, 921.26, 910.96, 898.66, 885.26, 870.62, 853.38, 836.8, 817.42, 798.34, 775.8, 753.32, 727.18, 700.14, 672.74, 641.78, 609.26, 577.68, 543.78, 510.86, 475.14, 442.08, 407.28, 374.34, 343.78, 313.24, 283.78, 257.58, 232.76, 211.12, 188.72, 170.76, 154.98, 140.38, 128.38, 118.16, 109.86, 101.54, 95.38, 90.72, 86.48, 82.58, 79.74]
Exposed : [0.0, 12.4, 15.7, 16.72, 16.6, 16.88, 17.28, 18.26, 20.2, 22.66, 25.42, 28.92, 31.78, 34.12, 39.54, 41.38, 46.66, 49.2, 54.72, 57.92, 64.2, 68.88, 72.04, 77.72, 82.12, 85.32, 89.92, 91.22, 95.8, 95.44, 95.74, 95.6, 92.88, 92.0, 89.34, 83.86, 79.44, 73.62, 70.5, 63.34, 57.34, 51.72, 45.42, 39.7, 33.78, 30.06, 25.42, 22.08, 18.4, 16.14, 13.6]
Asymptomatic : [0.0, 0.0, 2.66, 4.96, 7.66, 9.94, 12.3, 14.92, 17.6, 20.26, 22.32, 25.32, 28.86, 33.02, 36.7, 41.6, 45.54, 50.32, 54.94, 60.9, 67.22, 73.62, 80.3, 86.22, 94.66, 100.46, 106.32, 114.0, 121.42, 130.0, 135.04, 141.52, 146.46, 149.22, 153.44, 156.72, 158.92, 158.32, 157.7, 155.46, 153.12, 149.12, 144.74, 140.74, 134.84, 127.8, 121.62, 114.52, 106.5, 99.7, 93.28]
Symptomatic : [10.0, 8.92, 9.44, 10.94, 12.36, 13.5, 14.52, 15.38, 16.24, 17.44, 19.06, 21.02, 22.98, 25.66, 28.3, 31.44, 34.02, 37.9, 41.56, 45.68, 49.84, 53.78, 58.7, 63.52, 69.12, 75.26, 79.5, 84.84, 89.34, 94.24, 100.62, 103.66, 106.24, 109.68, 113.46, 115.4, 116.06, 116.68, 116.12, 114.74, 113.1, 110.7, 107.3, 103.88, 99.98, 95.06, 90.0, 83.7, 79.56, 74.64, 69.56]
Recovered : [0.0, 1.08, 2.0, 3.36, 5.1, 7.26, 9.5, 12.22, 15.04, 18.38, 22.24, 26.08, 31.12, 36.58, 42.08, 48.78, 56.36, 64.24, 72.98, 82.18, 91.56, 103.58, 116.22, 130.76, 144.84, 161.28, 180.48, 199.08, 218.3, 238.24, 261.32, 284.88, 310.64, 335.86, 359.98, 386.44, 412.82, 440.26, 466.96, 495.7, 521.46, 548.08, 574.16, 597.52, 621.54, 645.54, 667.58, 688.98, 709.06, 726.94, 743.82]



Run Type : Fam_both 0.0004 45

Susceptible : [990.0, 976.84, 970.26, 964.22, 958.36, 952.26, 945.74, 939.72, 932.46, 922.38, 912.02, 901.5, 888.46, 874.48, 859.0, 842.92, 823.8, 804.3, 782.12, 759.26, 732.86, 706.0, 677.72, 647.72, 616.02, 584.58, 549.78, 516.56, 482.04, 448.46, 414.0, 380.42, 348.86, 319.24, 288.22, 262.26, 237.76, 213.48, 191.32, 171.3, 153.8, 138.0, 124.1, 111.56, 99.78, 90.3, 82.58, 75.96, 69.82, 64.82, 60.16]
Exposed : [0.0, 13.16, 14.82, 16.06, 16.34, 16.94, 17.86, 17.38, 18.04, 21.6, 24.52, 26.4, 30.9, 34.16, 37.28, 39.98, 45.34, 48.3, 53.82, 58.12, 63.76, 68.32, 72.22, 76.84, 80.58, 83.12, 88.84, 90.96, 95.18, 94.26, 95.94, 95.72, 93.78, 90.72, 90.52, 85.58, 78.72, 75.32, 70.7, 65.94, 60.02, 54.94, 49.98, 44.72, 41.04, 35.76, 31.38, 26.88, 23.68, 19.98, 18.0]
Asymptomatic : [0.0, 0.0, 2.9, 5.28, 7.72, 10.06, 12.44, 15.02, 17.24, 18.82, 21.5, 24.36, 26.9, 30.42, 35.08, 38.62, 42.72, 48.1, 53.32, 58.4, 65.16, 72.0, 79.56, 85.76, 92.2, 99.68, 106.24, 113.3, 119.38, 125.94, 130.98, 136.88, 142.46, 146.72, 149.94, 153.3, 155.08, 155.22, 154.6, 153.48, 150.82, 148.0, 144.28, 140.02, 134.94, 130.44, 124.34, 119.16, 113.54, 107.32, 100.16]
Symptomatic : [10.0, 8.8, 9.94, 11.26, 12.52, 13.8, 14.6, 15.48, 16.92, 18.18, 19.18, 20.9, 22.6, 24.8, 27.42, 31.16, 33.84, 37.16, 40.8, 44.08, 48.38, 52.76, 57.96, 62.82, 69.26, 75.34, 80.24, 85.24, 89.98, 96.22, 100.94, 105.32, 109.24, 111.82, 114.02, 115.48, 117.74, 118.22, 118.48, 116.84, 114.76, 111.36, 108.02, 104.88, 100.46, 96.32, 91.34, 87.14, 81.66, 77.14, 72.14]
Recovered : [0.0, 1.2, 2.08, 3.18, 5.06, 6.94, 9.36, 12.4, 15.34, 19.02, 22.78, 26.84, 31.14, 36.14, 41.22, 47.32, 54.3, 62.14, 69.94, 80.14, 89.84, 100.92, 112.54, 126.86, 141.94, 157.28, 174.9, 193.94, 213.42, 235.12, 258.14, 281.66, 305.66, 331.5, 357.3, 383.38, 410.7, 437.76, 464.9, 492.44, 520.6, 547.7, 573.62, 598.82, 623.78, 647.18, 670.36, 690.86, 711.3, 730.74, 749.54]



Run Type : Fam_both 0.0004 50

Susceptible : [990.0, 977.74, 970.56, 964.24, 959.06, 952.98, 946.86, 939.54, 931.72, 922.0, 911.4, 899.9, 887.66, 874.24, 859.08, 842.32, 824.0, 803.44, 780.92, 758.26, 731.56, 704.32, 675.06, 645.72, 613.6, 582.08, 548.92, 514.86, 480.58, 448.26, 415.74, 382.74, 350.82, 320.94, 290.28, 262.82, 237.4, 214.24, 193.28, 174.52, 156.78, 140.78, 126.6, 114.42, 103.3, 92.9, 84.88, 77.0, 69.98, 63.44, 57.56]
Exposed : [0.0, 12.26, 15.34, 16.58, 15.84, 16.06, 16.56, 18.28, 19.52, 22.3, 25.32, 28.0, 30.52, 33.26, 36.22, 40.56, 44.44, 48.48, 54.08, 57.66, 63.66, 68.02, 74.38, 77.76, 81.9, 84.96, 88.18, 91.84, 93.46, 93.28, 92.72, 93.96, 92.7, 89.32, 88.14, 84.46, 80.06, 75.86, 70.32, 63.36, 58.68, 54.28, 48.92, 44.02, 40.1, 36.8, 32.44, 28.68, 25.4, 23.44, 21.42]
Asymptomatic : [0.0, 0.0, 2.24, 5.28, 8.02, 10.34, 13.14, 14.74, 17.12, 19.44, 21.48, 24.64, 27.94, 31.14, 35.64, 38.78, 43.26, 48.16, 53.0, 58.24, 64.16, 70.96, 77.12, 84.5, 91.9, 99.54, 106.66, 114.56, 121.2, 127.28, 132.74, 138.3, 143.66, 147.2, 150.96, 153.2, 155.9, 156.34, 155.74, 154.48, 150.62, 146.76, 142.32, 137.38, 133.42, 128.4, 123.1, 116.94, 111.48, 105.26, 99.64]
Symptomatic : [10.0, 8.94, 10.06, 10.86, 12.54, 14.28, 14.9, 15.78, 17.0, 18.18, 19.78, 20.94, 23.1, 24.84, 27.04, 29.74, 33.16, 37.5, 40.46, 45.04, 50.1, 55.18, 59.3, 64.38, 70.62, 74.98, 81.0, 85.46, 91.26, 94.98, 100.48, 103.54, 106.32, 110.86, 113.92, 116.48, 117.34, 116.66, 116.64, 115.4, 114.54, 112.26, 110.84, 107.16, 102.44, 97.7, 93.32, 89.12, 85.18, 80.42, 75.94]
Recovered : [0.0, 1.06, 1.8, 3.04, 4.54, 6.34, 8.54, 11.66, 14.64, 18.08, 22.02, 26.52, 30.78, 36.52, 42.02, 48.6, 55.14, 62.42, 71.54, 80.8, 90.52, 101.52, 114.14, 127.64, 141.98, 158.44, 175.24, 193.28, 213.5, 236.2, 258.32, 281.46, 306.5, 331.68, 356.7, 383.04, 409.3, 436.9, 464.02, 492.24, 519.38, 545.92, 571.32, 597.02, 620.74, 644.2, 666.26, 688.26, 707.96, 727.44, 745.44]


Run Type : Fam_both 0.0004 35new

Susceptible : [990.0, 976.84, 970.04, 964.22, 958.36, 952.58, 945.46, 938.8, 930.82, 921.6, 911.3, 899.48, 887.66, 874.08, 858.98, 843.08, 825.34, 805.94, 785.36, 762.46, 737.84, 710.7, 684.06, 654.6, 622.74, 592.18, 558.26, 524.54, 490.2, 457.34, 424.4, 391.96, 359.92, 328.68, 298.06, 269.96, 245.74, 223.98, 204.86, 188.94, 174.32, 162.14, 152.66, 144.46, 137.44, 131.7, 127.32, 123.34, 119.5, 116.72, 114.52]
Exposed : [0.0, 13.16, 15.32, 15.44, 16.12, 16.28, 17.84, 18.12, 20.18, 22.34, 25.08, 28.6, 30.04, 33.24, 36.78, 39.88, 44.02, 48.2, 51.76, 57.6, 62.58, 68.7, 71.3, 75.74, 81.54, 83.7, 87.68, 90.4, 93.3, 94.0, 94.64, 95.22, 93.58, 92.28, 89.48, 86.08, 80.1, 74.08, 66.56, 58.7, 51.46, 45.62, 38.86, 33.0, 28.2, 24.22, 19.8, 17.04, 14.82, 12.26, 10.4]
Asymptomatic : [0.0, 0.0, 2.58, 5.76, 7.9, 10.36, 12.2, 14.4, 16.62, 18.68, 20.94, 23.94, 27.82, 30.78, 33.82, 37.52, 41.82, 45.88, 51.44, 55.78, 61.02, 67.0, 73.98, 80.68, 87.4, 94.76, 101.58, 108.04, 115.78, 123.26, 129.74, 135.18, 140.1, 144.12, 147.96, 149.46, 152.02, 153.82, 151.78, 149.84, 146.44, 142.34, 137.82, 130.96, 125.06, 118.26, 111.58, 103.68, 97.3, 90.22, 84.04]
Symptomatic : [10.0, 8.82, 9.94, 11.6, 12.78, 13.74, 14.74, 15.86, 16.18, 17.84, 19.1, 20.5, 22.78, 25.22, 27.7, 30.4, 33.7, 37.34, 40.46, 43.88, 47.72, 52.14, 57.4, 62.52, 67.76, 73.38, 78.96, 85.38, 90.54, 94.86, 98.58, 101.94, 106.48, 110.4, 113.72, 116.0, 117.68, 117.24, 117.32, 115.36, 113.06, 109.54, 105.74, 101.42, 96.7, 91.54, 86.62, 80.84, 75.32, 69.34, 63.9]
Recovered : [0.0, 1.18, 2.12, 2.98, 4.84, 7.04, 9.76, 12.82, 16.2, 19.54, 23.58, 27.48, 31.7, 36.68, 42.72, 49.12, 55.12, 62.64, 70.98, 80.28, 90.84, 101.46, 113.26, 126.46, 140.56, 155.98, 173.52, 191.64, 210.18, 230.54, 252.64, 275.7, 299.92, 324.52, 350.78, 378.5, 404.46, 430.88, 459.48, 487.16, 514.72, 540.36, 564.92, 590.16, 612.6, 634.28, 654.68, 675.1, 693.06, 711.46, 727.14]
