beta 	 gamma 	 n 			 p 	 testing_gap 	 tests_per_period 	 turnaround_time 	 restriction_time 	 fn 	 fp 	 Optimal 		 Costs
0.25 		 0.2 	 1000 	 0.001 			 2 				 90 								 0 							 6 							 0.1 			 0.1 				 (5, 3)  				 [136983.22 137028.33 137205.96 137269.59 137419.36 137468.5  138582.91
 140089.47]
0.25 		 0.2 	 1000 	 0.0015 			 2 				 90 								 0 							 6 							 0.1 			 0.1 				 (5, 3)  				 [137492.86 137512.85 137670.18 137810.88 137861.12 137891.91 139164.18
 140438.25]
0.25 		 0.2 	 1000 	 0.002 			 2 				 90 								 0 							 6 							 0.1 			 0.1 				 (6, 2)  				 [139515.17 139931.71 140126.48 140129.47 140378.16 140741.24 141988.79
 142523.57]
0.25 		 0.2 	 1000 	 0.0025 			 2 				 90 								 0 							 6 							 0.1 			 0.1 				 (6, 2)  				 [143648.4  143697.98 145129.45 145676.22 145944.14 145960.57 146016.42
 147780.48]
0.25 		 0.2 	 1000 	 0.003 			 2 				 90 								 0 							 6 							 0.1 			 0.1 				 (6, 2)  				 [153671.9  154727.49 155293.66 155494.24 155579.32 155675.65 155682.22
 155984.98]
0.25 		 0.2 	 1000 	 0.0035 			 2 				 90 								 0 							 6 							 0.1 			 0.1 				 (1, 1)  				 [159633.87 159693.06 159953.17 160494.87 160543.05 160993.19 161016.56
 161546.14]
0.25 		 0.2 	 1250 	 0.001 			 2 				 90 								 0 							 6 							 0.1 			 0.1 				 (5, 3)  				 [137475.05 137550.56 137735.57 137821.13 137879.09 137980.76 139100.72
 140643.62]
0.25 		 0.2 	 1250 	 0.0015 			 2 				 90 								 0 							 6 							 0.1 			 0.1 				 (6, 2)  				 [140884.02 141659.9  141755.28 141977.22 142067.76 142120.25 143782.83
 143947.95]
0.25 		 0.2 	 1250 	 0.002 			 2 				 90 								 0 							 6 							 0.1 			 0.1 				 (6, 2)  				 [151325.76 151731.89 152742.63 152827.12 153286.09 153315.   153404.77
 154372.01]
0.25 		 0.2 	 1250 	 0.0025 			 2 				 90 								 0 							 6 							 0.1 			 0.1 				 (3, 2)  				 [161930.69 162044.07 162294.6  162301.75 162302.98 162312.41 162431.25
 163283.97]
0.25 		 0.2 	 1250 	 0.003 			 2 				 90 								 0 							 6 							 0.1 			 0.1 				 (1, 1)  				 [165760.47 166104.94 166361.   167396.11 167491.56 168764.61 168820.81
 169696.69]
0.25 		 0.2 	 1250 	 0.0035 			 2 				 90 								 0 							 6 							 0.1 			 0.1 				 (1, 1)  				 [167838.31 168626.54 168963.29 170049.87 170362.06 171746.05 172177.19
 173763.4 ]
0.25 		 0.2 	 1500 	 0.001 			 2 				 90 								 0 							 6 							 0.1 			 0.1 				 (6, 3)  				 [138750.15 138902.94 138915.6  139010.85 139058.66 139125.61 140267.96
 141740.98]
0.25 		 0.2 	 1500 	 0.0015 			 2 				 90 								 0 							 6 							 0.1 			 0.1 				 (5, 2)  				 [148722.18 148778.77 149680.91 150147.55 150557.72 150808.84 151069.3
 152997.85]
0.25 		 0.2 	 1500 	 0.002 			 2 				 90 								 0 							 6 							 0.1 			 0.1 				 (3, 2)  				 [165066.43 165217.07 165415.17 165487.35 165487.98 165721.3  165854.63
 166286.95]
0.25 		 0.2 	 1500 	 0.0025 			 2 				 90 								 0 							 6 							 0.1 			 0.1 				 (1, 1)  				 [171061.76 171582.27 171891.18 172970.83 173155.15 174264.36 174498.22
 175820.12]
0.25 		 0.2 	 1500 	 0.003 			 2 				 90 								 0 							 6 							 0.1 			 0.1 				 (1, 1)  				 [173635.72 174506.14 174922.62 176341.74 176352.43 177863.94 178462.39
 180843.15]
0.25 		 0.2 	 1500 	 0.0035 			 2 				 90 								 0 							 6 							 0.1 			 0.1 				 (1, 1)  				 [175736.63 176791.39 177288.   178886.66 178984.5  180626.67 181525.29
 183661.28]
0.25 		 0.2 	 1750 	 0.001 			 2 				 90 								 0 							 6 							 0.1 			 0.1 				 (5, 3)  				 [141073.97 141285.23 141342.75 141409.25 141510.01 141890.61 143146.46
 143997.86]
0.25 		 0.2 	 1750 	 0.0015 			 2 				 90 								 0 							 6 							 0.1 			 0.1 				 (5, 2)  				 [164454.59 164679.48 164829.82 165218.26 165239.48 165306.05 165859.64
 165882.17]
0.25 		 0.2 	 1750 	 0.002 			 2 				 90 								 0 							 6 							 0.1 			 0.1 				 (1, 1)  				 [175572.66 175817.   176192.41 176998.14 177157.65 178296.7  178296.72
 179827.19]
0.25 		 0.2 	 1750 	 0.0025 			 2 				 90 								 0 							 6 							 0.1 			 0.1 				 (1, 1)  				 [179312.29 180126.62 180587.47 181873.26 182063.07 183649.81 184247.75
 186335.33]
0.25 		 0.2 	 1750 	 0.003 			 2 				 90 								 0 							 6 							 0.1 			 0.1 				 (1, 1)  				 [181345.55 182385.68 182928.64 184363.44 184750.52 186189.88 187095.42
 189707.68]
0.25 		 0.2 	 1750 	 0.0035 			 2 				 90 								 0 							 6 							 0.1 			 0.1 				 (1, 1)  				 [182165.98 183398.41 183925.62 185453.79 185834.65 187320.64 188378.87
 191087.86]
0.25 		 0.2 	 2000 	 0.001 			 2 				 90 								 0 							 6 							 0.1 			 0.1 				 (5, 2)  				 [146217.62 146317.37 146341.23 146859.4  146907.63 147360.78 148227.45
 148353.13]
0.25 		 0.2 	 2000 	 0.0015 			 2 				 90 								 0 							 6 							 0.1 			 0.1 				 (1, 1)  				 [176551.74 176646.24 176683.03 177083.06 177193.27 178287.38 178573.49
 178850.01]
0.25 		 0.2 	 2000 	 0.002 			 2 				 90 								 0 							 6 							 0.1 			 0.1 				 (1, 1)  				 [183469.53 184178.51 184534.92 186047.12 186120.75 187615.56 188183.24
 190413.72]
0.25 		 0.2 	 2000 	 0.0025 			 2 				 90 								 0 							 6 							 0.1 			 0.1 				 (1, 1)  				 [186645.37 187842.95 188143.43 189760.4  190086.4  191659.48 192681.25
 195124.34]
0.25 		 0.2 	 2000 	 0.003 			 2 				 90 								 0 							 6 							 0.1 			 0.1 				 (1, 1)  				 [188361.81 189631.6  190129.21 191620.05 192107.72 193745.9  194892.99
 197597.95]
0.25 		 0.2 	 2000 	 0.0035 			 2 				 90 								 0 							 6 							 0.1 			 0.1 				 (1, 1)  				 [189152.11 190534.17 190994.04 192673.09 193010.43 194671.73 195874.75
 198748.52]
