beta 	 gamma 	 n 			 p 	 testing_gap 	 tests_per_period 	 turnaround_time 	 restriction_time 	 fn 	 fp 	 Optimal 		 Costs
0.25 		 0.2 	 1000 	 0.003 			 2 				 170 								 0 							 3 							 0.1 			 0.1 				 (3, 2)  				 [67079.96 67141.1  67155.96 67435.96 67441.4  67590.36 67624.62 68701.16]
0.25 		 0.2 	 1000 	 0.003 			 2 				 170 								 0 							 4 							 0.1 			 0.1 				 (6, 2)  				 [67151.46 67256.5  67316.38 67402.96 67410.7  67463.72 67503.36 68932.7 ]
0.25 		 0.2 	 1000 	 0.003 			 2 				 170 								 0 							 5 							 0.1 			 0.1 				 (6, 2)  				 [66960.26 67331.86 67418.52 67446.06 67481.96 67570.4  67686.84 69030.08]
0.25 		 0.2 	 1000 	 0.003 			 2 				 170 								 0 							 6 							 0.1 			 0.1 				 (6, 2)  				 [67047.5  67176.06 67447.48 67463.34 67463.58 67473.44 67860.08 69033.5 ]
0.25 		 0.2 	 1000 	 0.003 			 2 				 170 								 0 							 7 							 0.1 			 0.1 				 (6, 2)  				 [67156.74 67221.1  67445.7  67470.2  67486.72 67665.9  68007.54 69112.  ]
0.25 		 0.2 	 1000 	 0.003 			 2 				 170 								 0 							 8 							 0.1 			 0.1 				 (6, 2)  				 [67228.66 67481.9  67484.48 67609.04 67625.72 67664.52 68180.9  69357.24]
0.25 		 0.2 	 1000 	 0.003 			 2 				 170 								 0 							 9 							 0.1 			 0.1 				 (6, 2)  				 [67150.96 67494.66 67607.48 67686.32 67710.44 67758.26 68306.86 69312.94]
0.25 		 0.2 	 1000 	 0.003 			 2 				 170 								 0 							 10 							 0.1 			 0.1 				 (6, 2)  				 [67027.44 67358.42 67682.74 67739.82 67743.94 67907.   68366.   69326.26]
0.25 		 0.2 	 1000 	 0.003 			 2 				 170 								 0 							 11 							 0.1 			 0.1 				 (6, 2)  				 [67072.98 67438.54 67565.58 67634.1  67786.66 67812.16 68549.5  69343.4 ]
0.25 		 0.2 	 1000 	 0.003 			 2 				 170 								 0 							 12 							 0.1 			 0.1 				 (6, 2)  				 [66911.26 67405.92 67590.66 67649.26 67657.82 67886.6  68640.14 69615.44]
0.25 		 0.2 	 1000 	 0.003 			 2 				 170 								 1 							 3 							 0.1 			 0.1 				 (1, 1)  				 [66916.26 67105.88 67217.02 67709.48 67921.06 68706.98 68800.02 69353.44]
0.25 		 0.2 	 1000 	 0.003 			 2 				 170 								 1 							 4 							 0.1 			 0.1 				 (1, 1)  				 [67236.9  67341.62 67484.76 67995.   68299.3  69015.62 69292.14 69627.42]
0.25 		 0.2 	 1000 	 0.003 			 2 				 170 								 1 							 5 							 0.1 			 0.1 				 (1, 1)  				 [67553.34 67597.58 67786.52 68307.62 68583.8  69095.94 69565.92 69754.  ]
0.25 		 0.2 	 1000 	 0.003 			 2 				 170 								 1 							 6 							 0.1 			 0.1 				 (1, 1)  				 [67764.88 67951.26 67958.76 68465.4  68805.84 69336.44 69821.88 70034.3 ]
0.25 		 0.2 	 1000 	 0.003 			 2 				 170 								 1 							 7 							 0.1 			 0.1 				 (1, 1)  				 [68026.36 68066.76 68107.24 68588.54 68945.58 69411.22 69508.96 70145.04]
0.25 		 0.2 	 1000 	 0.003 			 2 				 170 								 1 							 8 							 0.1 			 0.1 				 (3, 2)  				 [68106.58 68197.36 68241.2  68813.32 68897.66 69428.92 70057.6  70331.46]
0.25 		 0.2 	 1000 	 0.003 			 2 				 170 								 1 							 9 							 0.1 			 0.1 				 (5, 3)  				 [68358.08 68380.02 68411.5  68784.38 69129.18 69675.42 69902.92 70438.8 ]
0.25 		 0.2 	 1000 	 0.003 			 2 				 170 								 1 							 10 							 0.1 			 0.1 				 (5, 3)  				 [68455.8  68505.54 68512.14 68964.7  69213.28 69564.04 69813.1  70772.34]
0.25 		 0.2 	 1000 	 0.003 			 2 				 170 								 1 							 11 							 0.1 			 0.1 				 (3, 2)  				 [68530.48 68575.34 68708.9  68880.44 69375.38 69741.24 70139.78 70831.5 ]
0.25 		 0.2 	 1000 	 0.003 			 2 				 170 								 1 							 12 							 0.1 			 0.1 				 (3, 2)  				 [68603.12 68696.8  68730.48 69143.52 69285.42 69709.58 69903.1  70632.  ]
0.25 		 0.2 	 1000 	 0.003 			 2 				 170 								 2 							 3 							 0.1 			 0.1 				 (1, 1)  				 [66453.32 66604.68 66755.88 67157.26 67241.84 67855.24 68071.08 69008.12]
0.25 		 0.2 	 1000 	 0.003 			 2 				 170 								 2 							 4 							 0.1 			 0.1 				 (1, 1)  				 [66892.54 67181.84 67312.66 67832.62 68024.48 68843.86 68940.12 69885.08]
0.25 		 0.2 	 1000 	 0.003 			 2 				 170 								 2 							 5 							 0.1 			 0.1 				 (1, 1)  				 [67230.38 67511.62 67615.68 68349.08 68507.38 69454.48 69463.46 70452.88]
0.25 		 0.2 	 1000 	 0.003 			 2 				 170 								 2 							 6 							 0.1 			 0.1 				 (1, 1)  				 [67567.6  67881.94 67920.06 68654.24 68800.68 69856.26 69925.28 70624.9 ]
0.25 		 0.2 	 1000 	 0.003 			 2 				 170 								 2 							 7 							 0.1 			 0.1 				 (1, 1)  				 [67779.08 68083.28 68209.48 68818.24 69099.94 70005.   70208.86 70966.08]
0.25 		 0.2 	 1000 	 0.003 			 2 				 170 								 2 							 8 							 0.1 			 0.1 				 (1, 1)  				 [68040.38 68319.78 68522.44 69148.52 69409.92 70263.72 70649.06 70996.24]
0.25 		 0.2 	 1000 	 0.003 			 2 				 170 								 2 							 9 							 0.1 			 0.1 				 (1, 1)  				 [68266.92 68387.66 68590.94 69366.18 69590.36 70344.64 70725.2  70885.8 ]
0.25 		 0.2 	 1000 	 0.003 			 2 				 170 								 2 							 10 							 0.1 			 0.1 				 (1, 1)  				 [68386.5  68670.52 68743.92 69429.88 69628.58 70488.96 70786.76 70840.04]
0.25 		 0.2 	 1000 	 0.003 			 2 				 170 								 2 							 11 							 0.1 			 0.1 				 (1, 1)  				 [68552.7  68757.88 68834.92 69623.   69721.58 70549.8  70932.42 71199.1 ]
0.25 		 0.2 	 1000 	 0.003 			 2 				 170 								 2 							 12 							 0.1 			 0.1 				 (1, 1)  				 [68720.68 68878.76 68903.4  69509.04 69808.8  70755.84 71214.2  71332.62]
0.25 		 0.2 	 1000 	 0.003 			 2 				 170 								 3 							 3 							 0.1 			 0.1 				 (1, 1)  				 [61644.74 61710.9  61785.22 61986.86 61991.8  62213.68 62376.9  62822.08]
0.25 		 0.2 	 1000 	 0.003 			 2 				 170 								 3 							 4 							 0.1 			 0.1 				 (1, 1)  				 [61797.46 61919.5  61990.62 62306.12 62306.88 62634.44 62872.1  63458.52]
0.25 		 0.2 	 1000 	 0.003 			 2 				 170 								 3 							 5 							 0.1 			 0.1 				 (1, 1)  				 [62096.26 62297.58 62419.9  62872.26 62951.22 63453.84 63723.78 64631.72]
0.25 		 0.2 	 1000 	 0.003 			 2 				 170 								 3 							 6 							 0.1 			 0.1 				 (1, 1)  				 [62500.18 62793.92 62918.34 63499.02 63638.82 64351.24 64677.2  65674.56]
0.25 		 0.2 	 1000 	 0.003 			 2 				 170 								 3 							 7 							 0.1 			 0.1 				 (1, 1)  				 [62854.6  63209.48 63397.4  64124.6  64237.   65071.54 65363.06 66530.98]
0.25 		 0.2 	 1000 	 0.003 			 2 				 170 								 3 							 8 							 0.1 			 0.1 				 (1, 1)  				 [63134.66 63514.34 63679.32 64478.82 64670.84 65545.48 65896.16 66824.84]
0.25 		 0.2 	 1000 	 0.003 			 2 				 170 								 3 							 9 							 0.1 			 0.1 				 (1, 1)  				 [63425.2  63854.26 64028.62 64750.96 65022.68 65996.86 66317.82 67314.48]
0.25 		 0.2 	 1000 	 0.003 			 2 				 170 								 3 							 10 							 0.1 			 0.1 				 (1, 1)  				 [63641.72 64069.76 64307.62 65022.04 65301.3  66388.76 66516.36 67518.58]
0.25 		 0.2 	 1000 	 0.003 			 2 				 170 								 3 							 11 							 0.1 			 0.1 				 (1, 1)  				 [63819.64 64237.5  64462.96 65294.68 65496.62 66501.08 66748.24 67749.04]
0.25 		 0.2 	 1000 	 0.003 			 2 				 170 								 3 							 12 							 0.1 			 0.1 				 (1, 1)  				 [63972.48 64414.56 64628.72 65501.54 65692.38 66794.24 66868.46 67791.48]
0.25 		 0.2 	 1000 	 0.003 			 2 				 170 								 4 							 3 							 0.1 			 0.1 				 (1, 1)  				 [65976.9  66049.58 66126.38 66323.32 66324.1  66559.78 66722.02 67157.42]
0.25 		 0.2 	 1000 	 0.003 			 2 				 170 								 4 							 4 							 0.1 			 0.1 				 (1, 1)  				 [65974.14 66050.1  66112.86 66318.52 66339.16 66550.9  66693.44 67183.8 ]
0.25 		 0.2 	 1000 	 0.003 			 2 				 170 								 4 							 5 							 0.1 			 0.1 				 (1, 1)  				 [66204.02 66346.98 66431.54 66754.14 66822.12 67183.6  67430.94 68175.94]
0.25 		 0.2 	 1000 	 0.003 			 2 				 170 								 4 							 6 							 0.1 			 0.1 				 (1, 1)  				 [66451.16 66632.8  66763.62 67224.74 67300.08 67796.5  68147.02 69003.  ]
0.25 		 0.2 	 1000 	 0.003 			 2 				 170 								 4 							 7 							 0.1 			 0.1 				 (1, 1)  				 [66816.36 67100.28 67266.88 67856.6  68006.34 68660.04 68976.48 70203.78]
0.25 		 0.2 	 1000 	 0.003 			 2 				 170 								 4 							 8 							 0.1 			 0.1 				 (1, 1)  				 [67146.36 67565.48 67653.18 68450.48 68692.64 69475.54 69794.78 70973.06]
0.25 		 0.2 	 1000 	 0.003 			 2 				 170 								 4 							 9 							 0.1 			 0.1 				 (1, 1)  				 [67454.06 67868.1  68101.9  68917.2  69074.7  69922.98 70344.42 71429.34]
0.25 		 0.2 	 1000 	 0.003 			 2 				 170 								 4 							 10 							 0.1 			 0.1 				 (1, 1)  				 [67683.54 68194.52 68394.88 69258.7  69428.24 70313.48 70749.9  72079.92]
0.25 		 0.2 	 1000 	 0.003 			 2 				 170 								 4 							 11 							 0.1 			 0.1 				 (1, 1)  				 [67903.58 68302.88 68586.02 69369.68 69583.94 70643.5  70933.44 72164.  ]
0.25 		 0.2 	 1000 	 0.003 			 2 				 170 								 4 							 12 							 0.1 			 0.1 				 (1, 1)  				 [68096.38 68479.06 68793.82 69598.42 69893.82 70876.78 71082.7  72319.8 ]
