Run Type : Multiple_Random_Graph_Homo
Susceptible : [990.0, 977.1, 970.68, 963.1, 953.64, 941.78, 928.3, 912.22, 892.52, 871.16, 845.7, 815.3, 782.36, 744.28, 703.8, 658.1, 612.46, 562.1, 512.46, 462.66, 416.7, 372.78, 331.6, 295.02, 262.94, 235.2, 210.92, 189.9, 172.68, 158.34, 146.36, 136.72, 128.44, 121.56, 116.46, 112.18, 108.54, 105.46, 103.0, 101.16, 99.66, 98.42, 97.78, 96.9, 96.32, 95.88, 95.46, 95.22, 94.9, 94.7, 94.58]
Exposed : [0.0, 12.9, 14.82, 17.4, 20.58, 25.16, 30.24, 35.96, 43.86, 49.74, 57.02, 67.78, 76.94, 87.36, 96.7, 109.5, 116.4, 125.86, 132.42, 135.78, 135.66, 131.08, 127.66, 118.92, 109.56, 98.48, 88.04, 77.74, 68.74, 58.32, 49.84, 42.06, 36.16, 30.54, 24.78, 20.28, 16.7, 13.72, 10.98, 8.86, 7.1, 5.78, 4.38, 3.7, 3.24, 2.48, 2.08, 1.62, 1.28, 0.96, 0.66]
Asymptomatic : [0.0, 0.0, 2.8, 5.32, 7.86, 11.0, 14.38, 18.62, 23.38, 29.86, 37.36, 45.62, 55.32, 66.16, 77.86, 89.76, 102.92, 116.8, 130.9, 143.64, 155.44, 167.8, 176.9, 185.32, 190.5, 193.94, 194.86, 193.74, 190.36, 184.8, 178.1, 171.54, 161.76, 152.48, 143.16, 133.44, 124.06, 115.46, 107.18, 98.56, 90.58, 83.06, 76.1, 69.14, 62.42, 57.12, 52.34, 46.92, 42.74, 38.3, 34.68]
Symptomatic : [10.0, 8.62, 9.66, 11.02, 12.78, 14.46, 16.82, 20.02, 23.12, 27.36, 32.68, 37.84, 44.26, 50.9, 59.56, 67.58, 77.78, 88.48, 97.3, 108.0, 117.7, 126.74, 132.42, 138.44, 142.22, 145.18, 145.74, 144.42, 142.1, 138.82, 133.52, 126.9, 121.04, 113.48, 106.42, 99.8, 92.94, 86.1, 78.38, 72.04, 65.62, 60.08, 55.86, 51.0, 46.26, 41.92, 38.18, 34.6, 31.32, 28.42, 25.9]
Recovered : [0.0, 1.38, 2.04, 3.16, 5.14, 7.6, 10.26, 13.18, 17.12, 21.88, 27.24, 33.46, 41.12, 51.3, 62.08, 75.06, 90.44, 106.76, 126.92, 149.92, 174.5, 201.6, 231.42, 262.3, 294.78, 327.2, 360.44, 394.2, 426.12, 459.72, 492.18, 522.78, 552.6, 581.94, 609.18, 634.3, 657.76, 679.26, 700.46, 719.38, 737.04, 752.66, 765.88, 779.26, 791.76, 802.6, 811.94, 821.64, 829.76, 837.62, 844.18]

Susceptible : [990.0, 979.22, 972.68, 965.68, 956.82, 946.96, 934.48, 921.06, 903.98, 883.56, 859.86, 834.3, 805.24, 771.26, 735.78, 695.36, 655.1, 612.56, 569.04, 525.8, 482.7, 441.22, 402.88, 366.76, 331.88, 301.26, 273.36, 250.7, 230.54, 213.34, 198.44, 186.04, 175.62, 166.7, 159.28, 153.16, 148.34, 143.92, 140.58, 137.7, 135.4, 133.12, 131.76, 130.26, 128.92, 127.92, 127.06, 126.56, 126.08, 125.48, 125.06]
Exposed : [0.0, 10.78, 13.58, 15.9, 19.72, 22.72, 27.56, 30.94, 37.3, 44.54, 52.24, 59.22, 68.22, 78.52, 87.0, 97.12, 102.94, 109.48, 115.06, 118.34, 119.52, 119.34, 116.0, 110.98, 106.58, 99.3, 92.5, 81.94, 73.82, 65.22, 57.02, 49.3, 42.06, 36.14, 31.1, 25.8, 21.12, 18.4, 15.44, 12.82, 10.38, 9.28, 7.3, 6.12, 5.38, 4.36, 3.68, 3.02, 2.46, 2.18, 1.86]
Asymptomatic : [0.0, 0.0, 2.08, 4.4, 6.82, 10.1, 13.3, 17.8, 21.9, 26.52, 33.4, 40.8, 48.44, 57.36, 66.86, 77.0, 89.48, 101.2, 112.64, 124.64, 136.68, 146.22, 155.74, 162.62, 168.2, 173.52, 177.0, 178.96, 177.74, 174.4, 170.82, 165.56, 159.06, 152.66, 143.78, 135.54, 128.02, 120.28, 110.62, 102.98, 94.92, 87.3, 79.68, 73.7, 67.16, 61.62, 56.14, 51.12, 46.84, 42.74, 38.76]
Symptomatic : [10.0, 9.08, 9.86, 11.02, 12.12, 14.04, 16.1, 18.92, 21.78, 26.0, 29.94, 34.6, 39.64, 45.58, 52.28, 60.1, 68.82, 77.56, 86.54, 94.84, 103.52, 111.96, 119.12, 125.58, 129.3, 132.86, 134.24, 134.72, 133.04, 131.58, 127.94, 123.56, 118.66, 112.82, 107.4, 101.7, 95.2, 88.8, 82.32, 75.96, 70.36, 64.64, 60.22, 55.14, 50.74, 46.34, 42.36, 38.36, 34.86, 31.88, 29.18]
Recovered : [0.0, 0.92, 1.8, 3.0, 4.52, 6.18, 8.56, 11.28, 15.04, 19.38, 24.56, 31.08, 38.46, 47.28, 58.08, 70.42, 83.66, 99.2, 116.72, 136.38, 157.58, 181.26, 206.26, 234.06, 264.04, 293.06, 322.9, 353.68, 384.86, 415.46, 445.78, 475.54, 504.6, 531.68, 558.44, 583.8, 607.32, 628.6, 651.04, 670.54, 688.94, 705.66, 721.04, 734.78, 747.8, 759.76, 770.76, 780.94, 789.76, 797.72, 805.14]

Susceptible : [990.0, 978.72, 973.28, 966.16, 957.72, 948.6, 936.96, 923.04, 907.86, 889.14, 868.56, 843.66, 814.06, 782.36, 748.96, 712.22, 670.24, 626.1, 581.94, 537.44, 493.48, 449.9, 407.32, 367.92, 331.1, 298.38, 269.5, 244.06, 221.7, 202.62, 186.54, 174.14, 162.52, 153.44, 145.88, 139.58, 133.7, 129.34, 125.72, 122.9, 120.34, 118.2, 116.1, 114.84, 113.6, 112.76, 111.96, 111.22, 110.72, 110.34, 110.08]
Exposed : [0.0, 11.28, 12.42, 15.32, 18.98, 21.44, 25.58, 30.82, 35.06, 41.98, 47.88, 55.26, 65.04, 74.52, 81.88, 90.54, 100.92, 110.72, 116.04, 119.5, 121.52, 122.34, 122.54, 119.14, 113.18, 106.74, 97.84, 88.64, 80.74, 72.78, 63.6, 53.46, 45.2, 38.94, 32.36, 27.34, 23.6, 19.96, 16.68, 13.78, 11.58, 9.44, 8.54, 6.56, 5.44, 4.1, 3.44, 2.76, 2.42, 2.06, 1.66]
Asymptomatic : [0.0, 0.0, 2.4, 4.32, 6.6, 10.04, 13.64, 17.34, 21.94, 26.68, 32.38, 39.68, 46.66, 55.0, 64.96, 74.68, 86.34, 98.1, 111.04, 123.12, 135.24, 147.16, 156.86, 165.48, 172.24, 177.22, 180.18, 182.6, 181.62, 179.62, 176.58, 172.0, 165.14, 157.14, 149.6, 141.28, 132.2, 123.62, 114.26, 105.68, 98.02, 91.12, 83.96, 76.74, 70.08, 63.7, 58.16, 53.28, 48.1, 43.9, 39.68]
Symptomatic : [10.0, 8.94, 10.14, 11.0, 11.92, 13.62, 15.26, 17.36, 20.44, 23.42, 27.76, 32.0, 37.34, 42.62, 48.86, 55.74, 63.14, 70.9, 80.38, 90.12, 99.48, 105.88, 113.72, 121.16, 127.86, 131.96, 134.92, 135.64, 135.42, 133.3, 129.88, 126.62, 122.44, 116.62, 110.04, 103.86, 97.62, 91.26, 85.14, 79.12, 72.58, 66.92, 61.54, 57.2, 52.7, 48.2, 43.74, 40.14, 36.36, 33.12, 30.04]
Recovered : [0.0, 1.06, 1.76, 3.2, 4.78, 6.3, 8.56, 11.44, 14.7, 18.78, 23.42, 29.4, 36.9, 45.5, 55.34, 66.82, 79.36, 94.18, 110.6, 129.82, 150.28, 174.72, 199.56, 226.3, 255.62, 285.7, 317.56, 349.06, 380.52, 411.68, 443.4, 473.78, 504.7, 533.86, 562.12, 587.94, 612.88, 635.82, 658.2, 678.52, 697.48, 714.32, 729.86, 744.66, 758.18, 771.24, 782.7, 792.6, 802.4, 810.58, 818.54]

Susceptible : [990.0, 979.06, 972.74, 965.34, 957.32, 946.92, 935.38, 920.34, 903.54, 884.12, 861.02, 834.0, 805.7, 771.24, 733.84, 692.96, 649.6, 604.44, 556.66, 510.12, 463.68, 418.08, 375.58, 335.04, 300.94, 270.54, 243.92, 219.64, 198.94, 181.84, 168.26, 155.92, 146.08, 138.4, 131.94, 126.96, 122.66, 118.56, 115.74, 113.68, 111.74, 110.26, 109.0, 107.96, 107.12, 106.28, 105.84, 105.56, 105.32, 105.1, 104.94]
Exposed : [0.0, 10.94, 13.12, 16.2, 18.68, 22.5, 26.22, 32.4, 37.9, 43.8, 51.74, 61.28, 68.84, 78.84, 88.4, 98.28, 107.82, 115.0, 121.92, 126.62, 128.56, 128.46, 126.2, 122.74, 114.46, 104.3, 94.66, 85.84, 76.16, 67.22, 57.28, 49.58, 41.68, 34.98, 29.34, 23.86, 19.4, 16.84, 13.52, 11.12, 8.96, 7.18, 6.14, 4.9, 3.88, 3.48, 2.74, 2.18, 1.64, 1.2, 0.88]
Asymptomatic : [0.0, 0.0, 2.4, 4.62, 7.52, 10.86, 14.02, 17.92, 22.1, 27.14, 33.2, 39.92, 47.68, 56.1, 65.74, 76.96, 88.18, 101.18, 114.42, 126.96, 139.94, 152.78, 162.9, 171.2, 178.24, 184.72, 186.74, 186.84, 185.9, 182.96, 178.16, 172.6, 165.96, 158.82, 150.6, 140.78, 131.92, 121.82, 113.14, 104.22, 96.38, 88.66, 80.26, 72.84, 66.84, 61.42, 56.08, 51.36, 45.9, 41.56, 38.32]
Symptomatic : [10.0, 9.04, 9.58, 10.22, 11.48, 12.92, 15.24, 17.28, 20.82, 24.54, 28.74, 33.32, 38.66, 45.46, 52.8, 61.3, 69.6, 78.56, 88.02, 96.9, 106.86, 115.66, 123.34, 129.9, 135.5, 138.04, 140.08, 139.64, 138.84, 136.5, 132.34, 128.5, 123.06, 117.04, 109.84, 103.3, 96.14, 89.4, 82.9, 76.34, 70.64, 65.28, 59.96, 55.06, 50.04, 45.64, 41.34, 37.44, 33.92, 30.94, 28.06]
Recovered : [0.0, 0.96, 2.16, 3.62, 5.0, 6.8, 9.14, 12.06, 15.64, 20.4, 25.3, 31.48, 39.12, 48.36, 59.22, 70.5, 84.8, 100.82, 118.98, 139.4, 160.96, 185.02, 211.98, 241.12, 270.86, 302.4, 334.6, 368.04, 400.16, 431.48, 463.96, 493.4, 523.22, 550.76, 578.28, 605.1, 629.88, 653.38, 674.7, 694.64, 712.28, 728.62, 744.64, 759.24, 772.12, 783.18, 794.0, 803.46, 813.22, 821.2, 827.8]

Susceptible : [990.0, 979.16, 972.94, 965.1, 956.74, 945.16, 934.5, 920.06, 903.44, 884.8, 863.9, 838.14, 810.08, 777.84, 743.14, 703.4, 664.5, 621.62, 574.72, 529.74, 484.84, 440.64, 399.68, 361.12, 324.4, 293.92, 265.96, 241.3, 220.92, 202.8, 186.64, 173.58, 162.92, 153.38, 145.88, 140.44, 135.16, 131.18, 127.54, 124.56, 122.32, 120.68, 119.0, 118.0, 116.96, 115.98, 115.38, 114.82, 114.36, 114.1, 113.66]
Exposed : [0.0, 10.84, 13.22, 16.3, 18.56, 24.34, 26.26, 31.28, 37.3, 42.84, 48.3, 57.56, 64.0, 74.28, 83.04, 92.74, 100.0, 107.1, 116.72, 121.34, 123.9, 122.86, 120.48, 117.18, 112.44, 103.34, 95.64, 86.12, 77.6, 68.28, 60.96, 52.94, 44.96, 38.54, 32.8, 26.96, 22.7, 18.38, 15.38, 12.92, 11.08, 9.06, 8.08, 6.56, 5.5, 4.62, 3.9, 3.16, 2.7, 2.0, 1.72]
Asymptomatic : [0.0, 0.0, 2.1, 4.42, 7.52, 10.0, 13.82, 18.16, 22.08, 27.7, 33.36, 39.78, 48.58, 55.72, 64.94, 76.0, 86.06, 97.22, 108.66, 120.96, 132.88, 145.72, 157.0, 164.82, 171.96, 177.62, 180.62, 182.8, 181.14, 179.02, 175.48, 171.3, 164.54, 156.8, 148.5, 140.74, 132.92, 124.72, 116.14, 107.54, 98.62, 90.56, 82.56, 75.74, 69.22, 64.04, 58.46, 53.0, 47.88, 43.54, 39.54]
Symptomatic : [10.0, 9.08, 9.92, 11.32, 12.88, 13.84, 16.54, 18.32, 21.4, 24.7, 29.08, 32.52, 38.5, 44.46, 50.38, 58.42, 66.28, 76.42, 84.4, 93.34, 103.48, 112.22, 118.64, 124.42, 129.7, 133.54, 135.38, 136.04, 135.48, 132.3, 129.1, 125.04, 120.74, 114.72, 109.44, 103.3, 97.28, 90.94, 84.7, 78.26, 72.2, 66.66, 61.88, 56.66, 51.64, 47.36, 43.24, 39.58, 36.08, 33.14, 29.88]
Recovered : [0.0, 0.92, 1.82, 2.86, 4.3, 6.66, 8.88, 12.18, 15.78, 19.96, 25.36, 32.0, 38.84, 47.7, 58.5, 69.44, 83.16, 97.64, 115.5, 134.62, 154.9, 178.56, 204.2, 232.46, 261.5, 291.58, 322.4, 353.74, 384.86, 417.6, 447.82, 477.14, 506.84, 536.56, 563.38, 588.56, 611.94, 634.78, 656.24, 676.72, 695.78, 713.04, 728.48, 743.04, 756.68, 768.0, 779.02, 789.44, 798.98, 807.22, 815.2]




Run Type : Multiple_Random_Graph_Age
Susceptible : [990.0, 977.44, 971.06, 963.3, 953.92, 942.68, 928.98, 915.92, 899.98, 881.96, 858.24, 831.62, 801.68, 768.8, 730.74, 690.34, 649.08, 603.16, 559.12, 512.54, 467.08, 423.54, 382.48, 345.66, 309.56, 279.32, 250.74, 225.74, 204.96, 186.72, 172.02, 158.18, 147.58, 139.16, 131.58, 125.42, 120.24, 116.48, 113.12, 110.76, 107.92, 105.48, 103.88, 102.32, 101.12, 100.14, 99.32, 98.72, 98.16, 97.8, 97.24]
Exposed : [0.0, 12.56, 14.86, 17.32, 20.6, 24.94, 30.44, 33.9, 39.1, 43.32, 51.3, 60.04, 68.9, 77.06, 87.32, 96.86, 103.7, 114.12, 117.72, 122.78, 125.32, 124.9, 122.54, 117.42, 112.5, 103.64, 95.34, 87.1, 77.84, 69.28, 60.68, 52.76, 45.32, 37.62, 32.3, 27.52, 23.26, 18.98, 16.16, 12.64, 10.7, 9.22, 7.9, 6.64, 5.56, 4.54, 3.96, 3.12, 2.7, 2.06, 2.02]
Asymptomatic : [0.0, 0.0, 2.28, 4.98, 7.86, 11.02, 14.52, 18.36, 23.46, 29.24, 35.68, 42.6, 50.94, 59.94, 69.72, 80.42, 92.48, 102.9, 116.0, 127.64, 138.38, 148.9, 158.98, 166.86, 173.64, 179.22, 180.94, 181.58, 180.0, 177.82, 173.36, 169.7, 162.96, 156.34, 148.7, 140.1, 130.52, 121.9, 113.3, 105.7, 98.46, 90.78, 83.04, 76.34, 69.44, 63.32, 57.42, 52.34, 48.08, 43.58, 39.62]
Symptomatic : [10.0, 9.08, 9.96, 11.44, 13.08, 14.92, 16.7, 19.14, 21.5, 25.12, 29.24, 34.14, 39.86, 47.06, 54.5, 62.32, 70.42, 79.0, 87.78, 96.16, 105.4, 113.78, 120.68, 127.14, 132.4, 136.06, 138.8, 138.2, 139.38, 136.84, 132.04, 127.08, 121.7, 115.64, 109.3, 103.32, 95.78, 89.46, 83.22, 77.6, 71.66, 66.6, 61.96, 57.5, 52.74, 47.86, 43.86, 40.0, 37.06, 34.08, 31.12]
Recovered : [0.0, 0.92, 1.84, 2.96, 4.54, 6.44, 9.36, 12.68, 15.96, 20.36, 25.54, 31.6, 38.62, 47.14, 57.72, 70.06, 84.32, 100.82, 119.38, 140.88, 163.82, 188.88, 215.32, 242.92, 271.9, 301.76, 334.18, 367.38, 397.82, 429.34, 461.9, 492.28, 522.44, 551.24, 578.12, 603.64, 630.2, 653.18, 674.2, 693.3, 711.26, 727.92, 743.22, 757.2, 771.14, 784.14, 795.44, 805.82, 814.0, 822.48, 830.0]

Susceptible : [990.0, 977.46, 971.96, 964.56, 956.04, 944.76, 932.62, 916.16, 897.1, 876.66, 852.78, 825.28, 795.7, 762.1, 724.66, 683.82, 641.9, 596.68, 550.64, 505.26, 460.06, 417.44, 378.88, 342.64, 309.68, 280.68, 253.56, 232.86, 214.6, 199.02, 186.08, 174.94, 164.94, 157.04, 150.86, 145.48, 141.2, 137.28, 134.26, 131.98, 129.82, 128.2, 126.62, 125.66, 124.8, 124.06, 123.42, 122.82, 122.42, 122.08, 121.74]
Exposed : [0.0, 12.54, 13.56, 16.42, 19.24, 24.28, 27.56, 34.06, 41.48, 47.3, 54.66, 64.1, 71.78, 80.74, 89.8, 99.08, 105.46, 113.98, 120.64, 122.98, 124.36, 124.68, 119.34, 114.36, 105.6, 97.24, 90.58, 79.4, 70.2, 61.48, 52.6, 45.26, 40.38, 34.12, 28.5, 23.76, 19.82, 16.94, 14.1, 11.14, 9.56, 7.52, 6.72, 5.32, 4.12, 3.32, 2.64, 2.18, 1.86, 1.52, 1.34]
Asymptomatic : [0.0, 0.0, 2.86, 5.22, 7.94, 10.76, 14.72, 19.08, 23.9, 29.52, 36.68, 42.98, 51.02, 60.32, 69.94, 80.68, 93.08, 105.52, 117.52, 130.0, 142.02, 153.02, 163.62, 171.32, 178.56, 181.98, 182.28, 182.8, 179.6, 175.38, 169.36, 163.16, 155.8, 148.14, 139.86, 131.92, 123.1, 115.38, 106.84, 99.54, 91.36, 84.1, 77.72, 71.42, 64.78, 59.24, 54.62, 49.88, 45.52, 40.72, 37.24]
Symptomatic : [10.0, 9.0, 9.74, 10.74, 12.04, 13.32, 15.8, 18.62, 21.46, 25.48, 29.4, 34.08, 39.92, 45.68, 53.5, 62.18, 71.2, 79.28, 88.8, 99.62, 107.9, 114.5, 122.04, 127.96, 132.34, 134.58, 135.98, 134.94, 133.6, 132.08, 128.34, 122.28, 115.98, 110.34, 103.74, 97.56, 91.86, 85.2, 79.14, 73.32, 67.32, 62.46, 57.12, 52.36, 47.6, 42.96, 39.12, 35.24, 31.58, 28.74, 25.66]
Recovered : [0.0, 1.0, 1.88, 3.06, 4.74, 6.88, 9.3, 12.08, 16.06, 21.04, 26.48, 33.56, 41.58, 51.16, 62.1, 74.24, 88.36, 104.54, 122.4, 142.14, 165.66, 190.36, 216.12, 243.72, 273.82, 305.52, 337.6, 370.0, 402.0, 432.04, 463.62, 494.36, 522.9, 550.36, 577.04, 601.28, 624.02, 645.2, 665.66, 684.02, 701.94, 717.72, 731.82, 745.24, 758.7, 770.42, 780.2, 789.88, 798.62, 806.94, 814.02]

Susceptible : [990.0, 977.1, 971.54, 963.54, 954.14, 943.68, 931.1, 916.32, 898.18, 877.24, 853.68, 825.76, 795.5, 762.4, 724.4, 685.7, 641.46, 599.64, 555.96, 510.4, 465.14, 424.78, 384.0, 347.04, 314.08, 283.98, 257.58, 235.56, 213.96, 195.58, 180.42, 167.1, 156.54, 147.54, 139.92, 133.98, 128.5, 123.96, 120.3, 117.34, 114.7, 112.54, 110.78, 109.08, 108.12, 107.14, 106.46, 105.66, 104.88, 104.46, 104.0]
Exposed : [0.0, 12.9, 13.82, 17.18, 20.58, 23.94, 28.12, 32.72, 38.94, 44.98, 52.54, 61.82, 71.1, 79.02, 89.52, 95.3, 106.94, 111.8, 117.26, 121.5, 125.68, 120.74, 118.94, 114.06, 108.38, 100.94, 92.14, 80.36, 72.88, 66.02, 57.24, 50.68, 43.12, 37.82, 31.82, 26.16, 22.66, 19.44, 16.14, 13.7, 11.42, 9.54, 7.74, 6.86, 5.36, 4.26, 3.34, 2.98, 2.86, 2.22, 1.94]
Asymptomatic : [0.0, 0.0, 2.48, 4.7, 7.72, 11.46, 15.32, 19.74, 24.28, 30.2, 36.08, 43.22, 50.7, 60.26, 69.48, 80.78, 91.6, 104.1, 115.9, 127.64, 137.88, 149.26, 157.84, 167.26, 172.02, 176.64, 180.9, 181.72, 179.56, 175.44, 171.44, 164.72, 158.6, 151.02, 144.26, 136.4, 128.28, 120.04, 112.2, 103.7, 96.46, 88.86, 82.02, 75.58, 69.1, 62.92, 56.78, 51.84, 47.2, 43.08, 39.02]
Symptomatic : [10.0, 8.78, 9.92, 11.16, 12.48, 14.14, 16.32, 19.04, 22.26, 26.1, 30.38, 35.18, 40.92, 47.38, 55.06, 63.62, 70.34, 79.04, 87.44, 96.02, 103.6, 112.8, 120.38, 124.66, 128.64, 132.92, 134.46, 137.04, 135.28, 132.18, 128.84, 124.76, 119.34, 113.8, 107.88, 102.84, 96.1, 90.04, 84.4, 78.44, 73.34, 67.76, 62.88, 57.64, 52.9, 48.52, 44.0, 40.12, 36.76, 34.02, 30.76]
Recovered : [0.0, 1.22, 2.24, 3.42, 5.08, 6.78, 9.14, 12.18, 16.34, 21.48, 27.32, 34.02, 41.78, 50.94, 61.54, 74.6, 89.66, 105.42, 123.44, 144.44, 167.7, 192.42, 218.84, 246.98, 276.88, 305.52, 334.92, 365.32, 398.32, 430.78, 462.06, 492.74, 522.4, 549.82, 576.12, 600.62, 624.46, 646.52, 666.96, 686.82, 704.08, 721.3, 736.58, 750.84, 764.52, 777.16, 789.42, 799.4, 808.3, 816.22, 824.28]

Susceptible : [990.0, 976.5, 971.0, 963.2, 954.22, 941.96, 928.72, 913.5, 894.16, 872.26, 846.18, 818.58, 785.5, 750.02, 709.94, 666.48, 619.08, 572.94, 526.3, 479.84, 434.68, 391.86, 351.74, 316.1, 282.2, 254.3, 229.38, 207.28, 189.66, 174.5, 161.1, 150.94, 141.78, 134.08, 128.12, 123.0, 118.38, 114.96, 112.16, 109.66, 107.86, 106.14, 104.84, 103.82, 102.8, 102.12, 101.5, 100.96, 100.54, 100.22, 99.88]
Exposed : [0.0, 13.5, 14.32, 17.26, 19.96, 25.06, 29.78, 34.56, 42.2, 48.84, 57.94, 65.16, 75.38, 83.44, 93.54, 102.92, 114.94, 120.54, 125.32, 126.78, 127.9, 124.52, 121.78, 114.22, 107.42, 97.24, 87.94, 80.3, 70.32, 60.72, 52.52, 44.56, 38.38, 33.56, 27.92, 23.14, 19.4, 16.28, 13.02, 11.16, 9.22, 7.72, 6.46, 5.0, 4.08, 3.36, 2.62, 2.24, 1.76, 1.44, 1.26]
Asymptomatic : [0.0, 0.0, 2.76, 5.1, 7.9, 11.02, 15.02, 19.32, 23.76, 29.82, 36.22, 44.52, 52.26, 62.7, 73.02, 84.84, 96.54, 110.56, 123.42, 136.26, 146.42, 157.88, 167.22, 175.04, 180.68, 184.74, 184.56, 183.12, 179.58, 175.26, 170.38, 164.78, 156.6, 148.58, 140.4, 131.72, 123.38, 113.88, 106.14, 97.54, 88.7, 82.08, 75.2, 68.94, 62.54, 57.46, 52.72, 47.7, 43.72, 39.78, 35.66]
Symptomatic : [10.0, 8.86, 9.92, 11.1, 12.7, 14.32, 16.24, 19.38, 23.02, 27.76, 32.52, 38.0, 44.26, 50.88, 58.34, 67.64, 75.28, 84.84, 94.28, 104.3, 113.9, 122.2, 127.16, 133.34, 136.9, 139.28, 141.06, 139.22, 137.32, 134.26, 130.18, 124.12, 118.44, 111.7, 105.06, 98.22, 91.82, 86.24, 79.52, 73.3, 68.62, 63.42, 58.18, 53.5, 48.32, 43.52, 39.86, 36.46, 33.86, 30.8, 28.28]
Recovered : [0.0, 1.14, 2.0, 3.34, 5.22, 7.64, 10.24, 13.24, 16.86, 21.32, 27.14, 33.74, 42.6, 52.96, 65.16, 78.12, 94.16, 111.12, 130.68, 152.82, 177.1, 203.54, 232.1, 261.3, 292.8, 324.44, 357.06, 390.08, 423.12, 455.26, 485.82, 515.6, 544.8, 572.08, 598.5, 623.92, 647.02, 668.64, 689.16, 708.34, 725.6, 740.64, 755.32, 768.74, 782.26, 793.54, 803.3, 812.64, 820.12, 827.76, 834.92]

Susceptible : [990.0, 977.4, 972.16, 963.74, 954.28, 942.28, 929.0, 912.6, 894.06, 872.16, 847.48, 818.34, 786.68, 750.98, 713.26, 672.82, 628.34, 584.14, 538.54, 492.12, 449.78, 407.28, 369.4, 333.82, 301.92, 273.98, 248.46, 226.46, 208.5, 192.58, 179.42, 167.3, 158.18, 150.78, 144.72, 139.86, 135.62, 132.24, 128.74, 126.26, 124.1, 122.44, 121.14, 119.74, 118.84, 118.0, 117.54, 116.88, 116.48, 116.0, 115.74]
Exposed : [0.0, 12.6, 13.32, 16.82, 19.98, 24.94, 29.72, 35.72, 41.62, 49.32, 55.86, 66.36, 74.56, 85.18, 93.06, 100.58, 109.82, 116.26, 120.88, 125.68, 123.5, 123.66, 118.6, 111.08, 103.84, 95.64, 87.44, 77.32, 68.66, 61.32, 52.8, 46.2, 39.54, 33.34, 27.62, 23.04, 19.34, 15.96, 14.08, 12.14, 10.28, 8.5, 6.78, 6.1, 4.76, 3.68, 2.5, 2.16, 1.74, 1.62, 1.32]
Asymptomatic : [0.0, 0.0, 2.5, 5.04, 8.12, 11.12, 14.74, 19.46, 24.9, 30.52, 37.96, 45.12, 52.62, 61.8, 74.22, 85.28, 97.1, 109.18, 120.54, 133.08, 144.52, 154.82, 164.24, 172.84, 177.4, 179.72, 180.52, 181.38, 177.66, 172.96, 168.66, 161.42, 153.66, 146.9, 138.74, 130.62, 122.14, 113.66, 106.22, 98.28, 90.92, 83.7, 77.08, 71.06, 65.12, 60.12, 54.58, 49.48, 45.34, 40.94, 36.74]
Symptomatic : [10.0, 9.2, 10.2, 11.4, 13.06, 14.74, 17.5, 19.8, 22.96, 26.42, 31.64, 36.14, 43.04, 49.86, 57.18, 65.4, 73.58, 82.22, 92.7, 100.82, 109.56, 116.52, 122.8, 128.4, 132.8, 134.92, 135.56, 134.84, 132.64, 128.82, 125.58, 120.72, 115.96, 110.24, 104.54, 98.3, 92.1, 85.72, 79.48, 73.88, 68.34, 62.52, 56.9, 52.34, 48.44, 44.76, 41.32, 37.46, 34.48, 31.64, 28.68]
Recovered : [0.0, 0.8, 1.82, 3.0, 4.56, 6.92, 9.04, 12.42, 16.46, 21.58, 27.06, 34.04, 43.1, 52.18, 62.28, 75.92, 91.16, 108.2, 127.34, 148.3, 172.64, 197.72, 224.96, 253.86, 284.04, 315.74, 348.02, 380.0, 412.54, 444.32, 473.54, 504.36, 532.66, 558.74, 584.38, 608.18, 630.8, 652.42, 671.48, 689.44, 706.36, 722.84, 738.1, 750.76, 762.84, 773.44, 784.06, 794.02, 801.96, 809.8, 817.52]




Run Type : Multiple_Random_Graph_Blood_G
Susceptible : [990.0, 979.56, 974.46, 968.22, 961.46, 952.78, 944.1, 932.44, 920.52, 905.8, 890.3, 873.0, 852.28, 830.88, 806.74, 779.52, 751.22, 721.04, 689.04, 653.78, 619.02, 583.52, 547.66, 511.36, 477.38, 443.82, 413.28, 383.14, 355.38, 331.64, 308.98, 288.0, 269.16, 253.1, 239.68, 227.38, 216.64, 207.6, 199.26, 192.08, 186.06, 181.14, 176.84, 172.88, 169.88, 167.26, 164.98, 163.02, 161.3, 159.74, 158.6]
Exposed : [0.0, 10.44, 12.02, 14.04, 15.76, 18.68, 20.36, 24.34, 27.7, 32.7, 36.7, 40.6, 46.82, 52.02, 57.94, 65.58, 71.24, 76.82, 81.32, 87.38, 92.18, 95.3, 98.12, 99.42, 98.02, 98.14, 93.0, 89.7, 86.78, 80.42, 74.62, 69.76, 64.92, 58.6, 51.02, 46.1, 40.96, 35.18, 31.18, 27.44, 23.52, 20.06, 17.16, 14.9, 12.44, 10.74, 9.3, 8.04, 7.02, 6.4, 5.26]
Asymptomatic : [0.0, 0.0, 1.74, 4.06, 6.2, 9.16, 12.24, 15.74, 19.06, 23.1, 27.18, 32.4, 37.94, 43.64, 49.44, 55.66, 63.38, 70.74, 79.44, 88.32, 96.56, 104.88, 112.9, 121.46, 129.32, 135.48, 143.5, 148.8, 151.36, 152.84, 154.74, 152.78, 151.54, 149.34, 145.58, 140.78, 136.48, 132.36, 125.92, 118.7, 113.02, 106.86, 100.6, 94.06, 86.7, 78.98, 72.86, 67.14, 62.0, 56.74, 52.32]
Symptomatic : [10.0, 9.1, 10.16, 10.84, 12.34, 13.24, 14.84, 16.26, 18.28, 20.68, 23.98, 27.08, 30.44, 33.98, 38.32, 43.28, 48.72, 54.7, 60.66, 67.02, 73.46, 79.34, 86.62, 93.78, 98.4, 102.92, 107.46, 111.0, 113.02, 115.08, 114.7, 115.1, 113.3, 111.18, 108.5, 104.12, 100.36, 96.8, 92.18, 88.68, 84.46, 78.94, 74.16, 69.72, 64.64, 59.96, 55.14, 51.36, 47.34, 43.4, 40.22]
Recovered : [0.0, 0.9, 1.62, 2.84, 4.24, 6.14, 8.46, 11.22, 14.44, 17.72, 21.84, 26.92, 32.52, 39.48, 47.56, 55.96, 65.44, 76.7, 89.54, 103.5, 118.78, 136.96, 154.7, 173.98, 196.88, 219.64, 242.76, 267.36, 293.46, 320.02, 346.96, 374.36, 401.08, 427.78, 455.22, 481.62, 505.56, 528.06, 551.46, 573.1, 592.94, 613.0, 631.24, 648.44, 666.34, 683.06, 697.72, 710.44, 722.34, 733.72, 743.6]

Susceptible : [990.0, 979.66, 973.9, 967.42, 959.96, 951.38, 940.68, 929.28, 914.08, 898.46, 879.94, 857.2, 832.36, 806.02, 777.64, 745.28, 712.2, 676.84, 639.84, 601.72, 564.84, 528.06, 490.44, 453.82, 420.46, 390.0, 360.06, 332.66, 308.1, 286.3, 266.8, 250.12, 235.52, 222.2, 211.24, 201.9, 193.18, 186.1, 180.36, 175.28, 170.88, 167.14, 163.58, 160.76, 158.4, 155.88, 153.9, 152.38, 150.96, 149.8, 148.32]
Exposed : [0.0, 10.34, 12.34, 14.62, 16.98, 19.92, 23.6, 26.08, 32.02, 35.94, 41.72, 49.46, 57.06, 63.18, 69.14, 77.42, 82.36, 88.72, 94.48, 100.76, 102.56, 102.9, 105.3, 105.16, 102.94, 97.56, 93.38, 88.06, 82.2, 75.52, 68.56, 61.34, 54.6, 48.42, 42.1, 36.62, 32.66, 28.44, 24.52, 21.12, 17.7, 15.28, 13.22, 10.86, 9.34, 8.4, 7.06, 5.98, 5.28, 4.32, 4.32]
Asymptomatic : [0.0, 0.0, 2.1, 4.42, 7.02, 9.72, 12.74, 17.0, 20.68, 25.6, 29.96, 35.0, 41.88, 49.18, 56.6, 64.82, 74.2, 83.44, 94.02, 102.6, 113.1, 122.92, 130.48, 138.52, 145.6, 151.4, 155.7, 157.12, 160.14, 160.44, 158.74, 157.12, 153.94, 150.42, 145.74, 140.78, 134.72, 127.82, 119.98, 113.0, 106.22, 98.92, 92.68, 86.86, 80.32, 73.9, 67.52, 62.22, 57.5, 53.16, 48.22]
Symptomatic : [10.0, 8.88, 9.8, 10.4, 11.12, 12.12, 14.06, 16.26, 18.62, 21.8, 25.16, 29.44, 33.82, 38.78, 45.18, 50.84, 57.42, 63.88, 69.96, 77.04, 84.42, 90.34, 96.74, 101.7, 106.94, 112.44, 116.4, 119.26, 119.08, 119.82, 120.24, 117.48, 114.74, 111.76, 108.7, 104.44, 98.5, 93.06, 87.24, 82.34, 77.9, 72.6, 66.96, 62.12, 57.5, 53.32, 49.44, 45.02, 41.54, 38.64, 35.66]
Recovered : [0.0, 1.12, 1.86, 3.14, 4.92, 6.86, 8.92, 11.38, 14.6, 18.2, 23.22, 28.9, 34.88, 42.84, 51.44, 61.64, 73.82, 87.12, 101.7, 117.88, 135.08, 155.78, 177.04, 200.8, 224.06, 248.6, 274.46, 302.9, 330.48, 357.92, 385.66, 413.94, 441.2, 467.2, 492.22, 516.26, 540.94, 564.58, 587.9, 608.26, 627.3, 646.06, 663.56, 679.4, 694.44, 708.5, 722.08, 734.4, 744.72, 754.08, 763.48]

Susceptible : [990.0, 980.04, 974.7, 968.0, 961.36, 953.36, 944.68, 933.66, 921.3, 907.08, 889.9, 871.82, 849.14, 826.16, 800.9, 772.46, 742.26, 710.32, 676.94, 642.94, 609.06, 574.14, 539.26, 505.44, 471.12, 440.32, 412.46, 385.3, 360.04, 337.56, 317.04, 298.58, 281.28, 266.72, 254.28, 242.94, 232.1, 223.06, 215.08, 208.54, 202.62, 198.0, 193.48, 189.42, 185.98, 182.56, 180.18, 177.62, 175.62, 173.74, 172.34]
Exposed : [0.0, 9.96, 11.5, 14.4, 16.62, 18.98, 21.02, 24.76, 28.96, 32.78, 39.0, 42.66, 50.58, 55.86, 61.44, 67.54, 73.04, 79.92, 85.66, 90.26, 91.78, 95.02, 97.46, 95.96, 97.4, 94.42, 89.42, 85.7, 80.98, 74.08, 69.12, 63.46, 58.42, 52.66, 47.1, 42.4, 38.3, 34.08, 30.1, 25.4, 22.74, 19.26, 17.26, 15.6, 13.34, 11.96, 9.98, 9.52, 8.44, 7.1, 5.92]
Asymptomatic : [0.0, 0.0, 2.1, 4.18, 6.14, 8.88, 11.92, 14.82, 17.98, 22.1, 26.24, 31.7, 37.0, 43.98, 50.24, 57.68, 66.1, 73.32, 81.12, 88.74, 98.82, 106.4, 114.24, 123.54, 129.68, 135.9, 141.64, 146.06, 149.4, 151.08, 151.18, 148.82, 146.76, 143.56, 141.0, 136.66, 132.08, 126.32, 119.88, 114.78, 108.06, 102.14, 95.46, 88.52, 83.5, 77.5, 72.08, 66.7, 61.86, 56.5, 52.86]
Symptomatic : [10.0, 8.96, 9.8, 10.4, 11.44, 12.56, 13.92, 15.84, 17.66, 20.7, 22.88, 26.76, 30.1, 34.62, 40.26, 46.6, 52.52, 58.94, 64.94, 71.68, 77.58, 83.82, 89.78, 96.52, 101.38, 105.44, 108.32, 110.1, 111.58, 112.32, 112.62, 112.88, 111.88, 108.82, 105.0, 102.18, 98.36, 94.46, 90.16, 85.54, 80.4, 75.8, 71.22, 67.14, 63.16, 58.6, 54.58, 50.4, 46.88, 43.82, 40.86]
Recovered : [0.0, 1.04, 1.9, 3.02, 4.44, 6.22, 8.46, 10.92, 14.1, 17.34, 21.98, 27.06, 33.18, 39.38, 47.16, 55.72, 66.08, 77.5, 91.34, 106.38, 122.76, 140.62, 159.26, 178.54, 200.42, 223.92, 248.16, 272.84, 298.0, 324.96, 350.04, 376.26, 401.66, 428.24, 452.62, 475.82, 499.16, 522.08, 544.78, 565.74, 586.18, 604.8, 622.58, 639.32, 654.02, 669.38, 683.18, 695.76, 707.2, 718.84, 728.02]

Susceptible : [990.0, 980.8, 974.86, 968.02, 960.6, 952.44, 941.96, 929.88, 916.54, 900.62, 883.88, 864.3, 842.86, 817.9, 790.64, 760.64, 728.9, 696.14, 659.54, 624.08, 587.52, 550.8, 515.06, 479.58, 446.52, 412.88, 382.44, 354.2, 328.36, 304.8, 283.08, 264.56, 247.92, 232.54, 219.06, 207.46, 196.14, 188.28, 180.06, 172.42, 166.66, 161.54, 156.92, 153.2, 150.18, 147.44, 145.02, 142.54, 140.78, 139.36, 138.0]
Exposed : [0.0, 9.2, 11.72, 14.28, 16.42, 18.28, 22.36, 26.94, 30.76, 35.62, 40.1, 45.66, 50.52, 57.54, 63.8, 71.2, 78.58, 83.66, 91.28, 94.62, 96.58, 99.94, 100.2, 101.66, 99.18, 97.6, 95.14, 89.68, 84.0, 77.74, 71.78, 65.66, 59.9, 54.1, 48.64, 43.76, 40.28, 33.94, 30.2, 27.48, 23.58, 20.12, 17.14, 15.28, 12.68, 11.06, 9.36, 8.7, 7.4, 6.28, 5.48]
Asymptomatic : [0.0, 0.0, 1.88, 4.36, 6.64, 10.0, 12.48, 15.54, 19.8, 24.14, 28.3, 33.08, 39.74, 45.3, 53.14, 60.74, 67.94, 77.76, 87.48, 96.54, 106.28, 114.46, 122.82, 129.74, 137.9, 144.4, 148.96, 153.26, 156.18, 157.52, 158.24, 157.5, 155.06, 151.34, 147.36, 142.84, 137.66, 132.5, 126.5, 119.9, 113.78, 107.22, 101.08, 93.92, 87.2, 81.42, 75.96, 69.48, 64.06, 58.58, 53.9]
Symptomatic : [10.0, 8.94, 9.8, 10.72, 12.0, 13.22, 14.84, 16.26, 18.36, 21.1, 24.32, 27.84, 32.02, 36.46, 41.74, 47.78, 53.98, 59.72, 65.18, 72.42, 80.4, 86.48, 93.18, 98.72, 103.32, 108.46, 110.98, 114.52, 116.74, 117.16, 117.18, 115.18, 113.22, 110.7, 106.8, 102.94, 99.08, 94.8, 90.58, 86.2, 81.9, 77.22, 72.9, 67.98, 63.44, 58.34, 54.1, 49.82, 46.56, 43.04, 39.16]
Recovered : [0.0, 1.06, 1.74, 2.62, 4.34, 6.06, 8.36, 11.38, 14.54, 18.52, 23.4, 29.12, 34.86, 42.8, 50.68, 59.64, 70.6, 82.72, 96.52, 112.34, 129.22, 148.32, 168.74, 190.3, 213.08, 236.66, 262.48, 288.34, 314.72, 342.78, 369.72, 397.1, 423.9, 451.32, 478.14, 503.0, 526.84, 550.48, 572.66, 594.0, 614.08, 633.9, 651.96, 669.62, 686.5, 701.74, 715.56, 729.46, 741.2, 752.74, 763.46]

Susceptible : [990.0, 979.36, 974.48, 967.98, 961.22, 953.1, 943.82, 933.18, 921.06, 906.68, 891.62, 874.34, 854.3, 833.44, 810.04, 785.56, 758.98, 730.22, 699.3, 667.08, 634.92, 602.22, 568.66, 535.44, 503.3, 471.56, 441.86, 413.4, 385.26, 360.62, 337.68, 317.44, 298.06, 280.88, 265.28, 251.92, 239.9, 228.5, 218.9, 211.18, 203.2, 196.44, 190.54, 185.52, 181.2, 177.16, 173.54, 170.3, 168.04, 165.72, 163.92]
Exposed : [0.0, 10.64, 11.78, 13.98, 16.24, 18.26, 21.36, 24.1, 28.06, 33.06, 36.48, 40.82, 46.18, 50.96, 56.82, 61.26, 65.82, 71.68, 77.54, 81.84, 85.66, 88.26, 90.26, 92.42, 91.86, 90.5, 89.58, 86.48, 83.94, 79.06, 74.24, 68.7, 63.0, 58.32, 53.52, 48.08, 43.52, 40.06, 35.96, 31.22, 28.38, 25.08, 22.18, 19.36, 17.32, 15.12, 13.46, 12.18, 9.78, 8.56, 7.32]
Asymptomatic : [0.0, 0.0, 1.98, 4.16, 6.34, 8.84, 11.46, 15.0, 17.96, 21.58, 26.3, 31.08, 36.42, 42.66, 48.54, 55.36, 63.1, 70.84, 78.14, 85.78, 93.6, 101.0, 109.32, 115.72, 122.3, 128.88, 132.96, 137.24, 140.4, 143.68, 146.34, 146.56, 145.18, 143.06, 140.7, 137.1, 132.92, 128.36, 123.76, 117.7, 112.2, 106.16, 100.62, 95.18, 89.14, 83.52, 77.06, 72.2, 67.9, 63.7, 59.0]
Symptomatic : [10.0, 9.02, 10.12, 11.08, 11.88, 13.48, 14.94, 16.76, 18.96, 20.7, 23.68, 27.1, 31.12, 34.76, 38.72, 43.52, 48.16, 52.98, 57.54, 63.4, 69.26, 75.76, 81.38, 86.54, 91.54, 97.4, 102.16, 106.16, 109.06, 110.08, 111.48, 111.34, 111.14, 109.56, 107.12, 105.18, 101.68, 97.42, 93.62, 89.48, 85.08, 81.14, 77.1, 72.48, 68.0, 64.1, 60.88, 57.04, 52.92, 48.7, 45.16]
Recovered : [0.0, 0.98, 1.64, 2.8, 4.32, 6.32, 8.42, 10.96, 13.96, 17.98, 21.92, 26.66, 31.98, 38.18, 45.88, 54.3, 63.94, 74.28, 87.48, 101.9, 116.56, 132.76, 150.38, 169.88, 191.0, 211.66, 233.44, 256.72, 281.34, 306.56, 330.26, 355.96, 382.62, 408.18, 433.38, 457.72, 481.98, 505.66, 527.76, 550.42, 571.14, 591.18, 609.56, 627.46, 644.34, 660.1, 675.06, 688.28, 701.36, 713.32, 724.6]




Run Type : Multiple_Random_Graph_Both
Susceptible : [990.0, 979.36, 974.0, 967.8, 961.04, 952.94, 942.52, 930.72, 918.92, 903.14, 886.5, 866.88, 845.04, 820.2, 793.6, 764.24, 733.14, 702.4, 667.08, 631.02, 595.12, 559.24, 522.98, 488.5, 455.0, 423.08, 392.7, 364.76, 339.1, 315.14, 293.66, 275.62, 259.94, 245.76, 233.4, 222.78, 213.74, 205.64, 198.68, 192.26, 186.94, 182.48, 178.52, 174.44, 171.26, 168.16, 165.7, 163.84, 162.14, 160.7, 159.6]
Exposed : [0.0, 10.64, 12.08, 13.72, 15.78, 18.0, 22.62, 26.96, 29.38, 35.04, 39.44, 45.08, 50.62, 57.92, 64.5, 71.22, 78.68, 81.72, 87.92, 93.14, 96.58, 98.54, 100.62, 99.54, 99.38, 96.26, 92.12, 87.24, 81.94, 76.88, 70.98, 63.86, 57.12, 50.96, 45.42, 40.76, 35.16, 30.28, 26.66, 24.3, 21.06, 17.44, 15.06, 13.5, 11.84, 10.96, 9.64, 8.0, 7.12, 5.98, 4.82]
Asymptomatic : [0.0, 0.0, 2.46, 4.6, 7.22, 10.1, 12.54, 15.48, 19.2, 23.46, 28.3, 33.72, 39.8, 46.06, 53.12, 60.32, 67.86, 75.98, 85.1, 94.36, 104.84, 113.22, 121.38, 129.78, 136.6, 142.28, 147.78, 151.52, 153.86, 154.28, 155.2, 153.14, 150.3, 146.46, 142.58, 138.02, 132.26, 125.4, 118.7, 112.38, 106.34, 100.28, 94.78, 87.98, 82.5, 76.46, 70.04, 64.68, 59.3, 55.32, 51.64]
Symptomatic : [10.0, 8.92, 9.38, 10.44, 10.8, 12.2, 13.34, 15.22, 18.04, 19.9, 23.16, 26.7, 31.12, 35.7, 40.92, 46.88, 51.92, 59.6, 66.82, 73.48, 79.36, 86.82, 92.68, 99.06, 104.1, 109.28, 113.06, 115.2, 117.18, 117.82, 117.38, 116.64, 115.34, 112.04, 108.92, 103.54, 98.86, 94.58, 89.76, 85.0, 79.86, 75.32, 70.02, 65.58, 60.92, 56.22, 52.06, 48.44, 44.5, 41.58, 38.18]
Recovered : [0.0, 1.08, 2.08, 3.44, 5.16, 6.76, 8.98, 11.62, 14.46, 18.46, 22.6, 27.62, 33.42, 40.12, 47.86, 57.34, 68.4, 80.3, 93.08, 108.0, 124.1, 142.18, 162.34, 183.12, 204.92, 229.1, 254.34, 281.28, 307.92, 335.88, 362.78, 390.74, 417.3, 444.78, 469.68, 494.9, 519.98, 544.1, 566.2, 586.06, 605.8, 624.48, 641.62, 658.5, 673.48, 688.2, 702.56, 715.04, 726.94, 736.42, 745.76]

Susceptible : [990.0, 980.5, 975.56, 969.84, 962.96, 955.44, 947.68, 937.46, 927.12, 915.64, 901.62, 886.5, 870.48, 850.56, 830.1, 807.12, 783.56, 755.8, 726.28, 697.34, 665.94, 632.66, 600.86, 568.0, 536.66, 505.22, 475.0, 446.04, 418.46, 392.94, 369.38, 346.62, 326.66, 308.08, 292.2, 277.82, 265.12, 253.8, 243.78, 234.24, 226.14, 219.22, 213.26, 207.92, 203.26, 199.58, 196.32, 193.04, 190.18, 188.04, 185.66]
Exposed : [0.0, 9.5, 10.96, 12.58, 14.92, 17.42, 18.9, 22.6, 25.42, 28.88, 33.08, 36.54, 39.22, 46.32, 50.26, 55.42, 60.62, 66.74, 73.56, 76.9, 81.38, 86.36, 88.2, 91.26, 91.06, 90.6, 89.54, 88.12, 84.12, 79.92, 75.22, 71.68, 66.82, 62.34, 56.32, 51.2, 45.34, 41.06, 36.8, 33.62, 30.04, 26.14, 23.44, 20.12, 18.34, 15.88, 13.44, 12.54, 10.52, 8.66, 7.7]
Asymptomatic : [0.0, 0.0, 1.92, 4.02, 6.4, 8.78, 11.28, 13.48, 16.58, 19.72, 23.34, 27.66, 32.4, 36.94, 42.2, 47.94, 54.0, 61.38, 67.66, 74.76, 82.56, 90.66, 98.38, 105.6, 113.76, 119.72, 124.42, 129.84, 134.66, 137.72, 140.02, 140.86, 140.56, 139.08, 137.18, 134.44, 132.48, 128.88, 123.88, 119.5, 113.86, 108.38, 102.7, 96.64, 90.7, 84.7, 79.72, 73.76, 68.98, 63.88, 59.92]
Symptomatic : [10.0, 9.2, 9.72, 10.5, 11.32, 12.28, 13.9, 15.68, 17.12, 18.92, 20.96, 24.04, 27.58, 30.2, 35.0, 39.48, 43.16, 47.96, 53.3, 59.54, 65.3, 70.72, 76.02, 80.68, 85.46, 90.84, 95.22, 98.34, 101.22, 103.9, 105.5, 105.6, 106.38, 105.7, 104.64, 102.16, 99.7, 96.52, 93.44, 89.7, 85.3, 81.76, 77.3, 73.3, 68.44, 64.66, 60.88, 57.08, 53.9, 49.64, 45.94]
Recovered : [0.0, 0.8, 1.84, 3.06, 4.4, 6.08, 8.24, 10.78, 13.76, 16.84, 21.0, 25.26, 30.32, 35.98, 42.44, 50.04, 58.66, 68.12, 79.2, 91.46, 104.82, 119.6, 136.54, 154.46, 173.06, 193.62, 215.82, 237.66, 261.54, 285.52, 309.88, 335.24, 359.58, 384.8, 409.66, 434.38, 457.36, 479.74, 502.1, 522.94, 544.66, 564.5, 583.3, 602.02, 619.26, 635.18, 649.64, 663.58, 676.42, 689.78, 700.78]

Susceptible : [990.0, 979.34, 974.26, 968.04, 961.94, 953.68, 943.54, 932.38, 919.44, 904.6, 887.54, 867.9, 846.82, 822.6, 796.9, 769.06, 738.08, 706.06, 672.02, 635.84, 601.3, 565.42, 529.64, 496.8, 463.34, 432.56, 405.0, 378.06, 353.56, 332.48, 311.76, 293.66, 277.3, 262.32, 249.4, 237.92, 227.06, 218.5, 210.56, 204.0, 198.12, 192.84, 187.86, 184.28, 180.0, 176.46, 173.54, 171.06, 168.62, 167.0, 165.02]
Exposed : [0.0, 10.66, 11.88, 14.38, 15.26, 17.96, 22.28, 25.7, 29.18, 33.56, 38.76, 44.7, 50.02, 57.02, 63.8, 68.56, 75.86, 81.42, 86.84, 92.02, 94.6, 96.58, 99.62, 96.98, 96.84, 94.6, 89.88, 85.32, 80.38, 72.76, 67.6, 62.38, 56.18, 51.9, 45.8, 41.7, 37.72, 33.78, 30.04, 25.9, 23.28, 20.64, 18.12, 14.84, 13.96, 12.78, 11.36, 9.8, 8.92, 7.12, 6.38]
Asymptomatic : [0.0, 0.0, 2.1, 4.14, 6.72, 9.18, 11.64, 14.74, 19.26, 23.66, 27.86, 33.22, 39.36, 45.64, 52.5, 60.48, 68.98, 76.66, 86.7, 95.56, 103.86, 112.2, 120.48, 128.26, 134.48, 140.02, 144.02, 148.36, 149.68, 151.16, 151.78, 149.76, 147.1, 143.78, 140.36, 134.6, 128.74, 123.02, 117.8, 111.92, 105.84, 99.6, 93.46, 88.38, 82.34, 77.14, 71.28, 66.48, 61.8, 57.28, 53.04]
Symptomatic : [10.0, 8.98, 9.86, 10.48, 11.32, 12.82, 13.98, 16.02, 18.34, 20.7, 24.0, 27.4, 31.1, 34.96, 39.22, 45.22, 50.86, 57.14, 63.28, 69.94, 76.52, 83.5, 88.62, 95.16, 100.18, 103.72, 108.02, 110.46, 112.98, 113.74, 113.02, 112.0, 111.32, 108.46, 106.2, 102.5, 98.14, 93.82, 88.6, 84.54, 79.74, 76.02, 71.64, 66.96, 62.08, 57.6, 53.46, 50.16, 46.6, 43.68, 41.08]
Recovered : [0.0, 1.02, 1.9, 2.96, 4.76, 6.36, 8.56, 11.16, 13.78, 17.48, 21.84, 26.78, 32.7, 39.78, 47.58, 56.68, 66.22, 78.72, 91.16, 106.64, 123.72, 142.3, 161.64, 182.8, 205.16, 229.1, 253.08, 277.8, 303.4, 329.86, 355.84, 382.2, 408.1, 433.54, 458.24, 483.28, 508.34, 530.88, 553.0, 573.64, 593.02, 610.9, 628.92, 645.54, 661.62, 676.02, 690.36, 702.5, 714.06, 724.92, 734.48]

Susceptible : [990.0, 980.22, 975.28, 969.32, 962.52, 954.44, 945.02, 935.38, 923.82, 911.42, 895.3, 879.1, 859.7, 838.86, 815.98, 791.94, 764.84, 736.38, 706.8, 676.56, 645.92, 613.14, 580.98, 547.44, 515.6, 484.9, 455.58, 427.84, 400.6, 376.2, 353.92, 332.94, 314.68, 296.42, 281.4, 267.52, 255.02, 244.16, 234.2, 226.14, 218.66, 211.8, 205.98, 201.1, 196.5, 192.42, 188.76, 185.92, 183.48, 180.84, 179.0]
Exposed : [0.0, 9.78, 11.08, 13.1, 15.6, 18.42, 21.78, 23.94, 27.38, 30.14, 35.4, 39.02, 44.5, 49.62, 55.32, 60.22, 66.04, 71.32, 75.78, 80.84, 83.34, 87.02, 88.42, 90.62, 91.34, 89.84, 86.7, 83.94, 81.92, 77.56, 72.7, 68.18, 61.54, 58.18, 53.4, 47.96, 42.74, 39.08, 35.86, 30.96, 27.2, 24.26, 21.52, 19.2, 16.94, 14.78, 13.12, 11.18, 9.32, 9.22, 7.9]
Asymptomatic : [0.0, 0.0, 1.98, 4.1, 6.34, 8.88, 11.52, 14.46, 17.64, 21.88, 26.4, 31.18, 36.56, 41.58, 47.64, 53.18, 59.66, 67.9, 76.38, 82.12, 89.06, 96.16, 103.78, 111.24, 118.34, 123.78, 128.7, 133.64, 135.9, 138.4, 139.68, 140.32, 140.66, 139.28, 135.72, 132.76, 129.46, 125.08, 119.66, 115.38, 110.4, 105.82, 100.1, 94.5, 89.24, 83.48, 77.92, 73.66, 68.66, 63.32, 59.46]
Symptomatic : [10.0, 9.02, 9.76, 10.64, 11.36, 12.44, 13.72, 15.64, 17.46, 19.16, 21.48, 24.68, 28.16, 32.24, 36.28, 41.66, 46.88, 51.46, 56.4, 61.56, 68.6, 74.34, 79.9, 85.12, 89.62, 94.88, 99.98, 103.2, 104.84, 106.54, 107.5, 108.7, 108.04, 106.96, 104.94, 102.66, 99.52, 96.22, 92.24, 88.88, 84.22, 79.86, 75.82, 71.68, 67.5, 63.36, 59.56, 55.68, 51.86, 48.14, 44.52]
Recovered : [0.0, 0.98, 1.9, 2.84, 4.18, 5.82, 7.96, 10.58, 13.7, 17.4, 21.42, 26.02, 31.08, 37.7, 44.78, 53.0, 62.58, 72.94, 84.64, 98.92, 113.08, 129.34, 146.92, 165.58, 185.1, 206.6, 229.04, 251.38, 276.74, 301.3, 326.2, 349.86, 375.08, 399.16, 424.54, 449.1, 473.26, 495.46, 518.04, 538.64, 559.52, 578.26, 596.58, 613.52, 629.82, 645.96, 660.64, 673.56, 686.68, 698.48, 709.12]

Susceptible : [990.0, 979.04, 974.0, 967.26, 960.14, 951.24, 942.22, 930.14, 918.18, 903.36, 886.06, 868.4, 848.0, 825.24, 799.36, 773.38, 745.22, 714.92, 685.52, 651.58, 616.58, 580.94, 547.62, 512.38, 479.14, 447.68, 418.62, 390.7, 364.74, 340.6, 318.44, 299.3, 281.04, 264.88, 251.76, 239.28, 228.34, 218.94, 210.9, 203.64, 197.02, 191.5, 186.8, 182.2, 178.52, 175.42, 172.42, 169.62, 167.58, 165.86, 164.04]
Exposed : [0.0, 10.96, 11.68, 14.38, 16.58, 19.38, 21.28, 25.96, 29.06, 33.42, 38.86, 43.16, 48.08, 54.14, 61.82, 66.34, 72.06, 77.78, 80.68, 86.54, 90.66, 95.54, 95.26, 96.98, 95.9, 96.12, 91.12, 86.7, 82.5, 76.78, 71.58, 64.9, 60.14, 55.62, 49.54, 44.72, 39.36, 34.88, 31.0, 26.96, 24.5, 20.7, 18.08, 16.08, 14.54, 13.0, 11.7, 10.34, 8.84, 7.22, 6.44]
Asymptomatic : [0.0, 0.0, 2.4, 4.44, 6.66, 9.36, 12.68, 15.36, 19.38, 23.6, 28.52, 32.96, 39.2, 45.5, 50.98, 57.64, 64.94, 72.66, 80.66, 88.84, 97.36, 106.06, 115.36, 122.72, 130.12, 134.48, 140.46, 145.0, 147.58, 150.06, 150.92, 150.12, 148.6, 145.38, 141.96, 137.88, 133.72, 127.5, 121.96, 116.2, 108.44, 102.62, 97.2, 91.14, 85.04, 79.28, 73.6, 68.92, 64.42, 60.48, 56.68]
Symptomatic : [10.0, 8.96, 10.0, 10.52, 11.62, 13.24, 14.9, 16.62, 18.74, 20.74, 23.3, 26.88, 30.74, 34.52, 39.02, 43.56, 47.98, 53.46, 59.34, 65.44, 71.74, 77.22, 83.46, 89.76, 95.0, 98.84, 103.7, 106.9, 108.68, 110.0, 110.22, 110.56, 109.42, 107.02, 103.98, 100.96, 97.98, 94.2, 89.36, 84.9, 80.5, 76.54, 71.96, 67.62, 62.88, 58.72, 54.8, 50.62, 47.16, 44.28, 40.66]
Recovered : [0.0, 1.04, 1.92, 3.4, 5.0, 6.78, 8.92, 11.92, 14.64, 18.88, 23.26, 28.6, 33.98, 40.6, 48.82, 59.08, 69.8, 81.18, 93.8, 107.6, 123.66, 140.24, 158.3, 178.16, 199.84, 222.88, 246.1, 270.7, 296.5, 322.56, 348.84, 375.12, 400.8, 427.1, 452.76, 477.16, 500.6, 524.48, 546.78, 568.3, 589.54, 608.64, 625.96, 642.96, 659.02, 673.58, 687.48, 700.5, 712.0, 722.16, 732.18]




Run Type : Multi_Graph_p_0.002
p = 0.002 : Susceptible : [990.0, 983.56, 980.66, 977.34, 974.08, 970.52, 967.34, 963.46, 959.8, 955.4, 950.88, 946.3, 940.78, 935.0, 929.36, 922.74, 916.36, 910.26, 903.2, 896.1, 887.76, 880.56, 872.28, 864.08, 855.44, 846.08, 837.44, 828.78, 819.84, 810.1, 801.02, 791.84, 782.06, 771.32, 761.7, 751.02, 740.94, 731.12, 721.3, 711.22, 700.86, 691.58, 682.04, 672.46, 663.38, 654.28, 645.14, 636.86, 628.66, 620.02, 612.38]
p = 0.002 : Exposed : [0.0, 6.44, 7.16, 8.16, 8.76, 9.38, 9.26, 9.94, 9.92, 11.04, 11.3, 12.0, 13.1, 14.24, 14.78, 16.02, 16.92, 17.6, 18.5, 19.16, 20.58, 20.98, 21.96, 22.68, 23.0, 24.38, 24.26, 24.36, 24.7, 26.6, 26.46, 26.14, 27.02, 28.32, 27.62, 28.8, 28.66, 28.88, 28.26, 28.18, 28.32, 27.68, 27.68, 27.4, 26.64, 26.12, 26.8, 25.98, 25.28, 24.92, 23.78]
p = 0.002 : Asymptomatic : [0.0, 0.0, 1.06, 2.3, 3.64, 4.68, 5.88, 7.04, 8.44, 9.14, 10.9, 11.84, 13.22, 14.78, 16.34, 17.94, 19.3, 20.42, 22.0, 23.58, 24.94, 26.4, 28.02, 29.58, 31.34, 32.76, 34.26, 36.42, 37.6, 38.4, 39.92, 41.12, 41.88, 42.74, 44.5, 45.74, 47.32, 47.88, 48.62, 49.96, 51.06, 51.92, 52.5, 51.86, 52.46, 52.58, 51.8, 52.4, 52.58, 51.86, 51.1]
p = 0.002 : Symptomatic : [10.0, 9.14, 9.34, 9.28, 9.46, 10.0, 10.56, 10.78, 11.08, 11.54, 12.0, 12.76, 13.5, 13.8, 14.9, 15.76, 16.6, 16.8, 17.76, 18.74, 19.9, 20.88, 21.6, 22.86, 24.38, 25.32, 26.44, 26.96, 27.82, 28.1, 28.9, 30.68, 31.82, 32.62, 33.72, 34.28, 35.64, 36.04, 37.46, 38.0, 38.46, 39.22, 39.46, 40.24, 40.3, 40.6, 39.88, 40.12, 39.9, 40.06, 39.9]
p = 0.002 : Recovered : [0.0, 0.86, 1.78, 2.92, 4.06, 5.42, 6.96, 8.78, 10.76, 12.88, 14.92, 17.1, 19.4, 22.18, 24.62, 27.54, 30.82, 34.92, 38.54, 42.42, 46.82, 51.18, 56.14, 60.8, 65.84, 71.46, 77.6, 83.48, 90.04, 96.8, 103.7, 110.22, 117.22, 125.0, 132.46, 140.16, 147.44, 156.08, 164.36, 172.64, 181.3, 189.6, 198.32, 208.04, 217.22, 226.42, 236.38, 244.64, 253.58, 263.14, 272.84]

p = 0.002 : Susceptible : [990.0, 982.34, 979.18, 975.96, 972.58, 969.38, 965.4, 960.94, 956.72, 952.32, 947.64, 942.74, 937.18, 931.5, 926.04, 920.68, 914.88, 908.38, 901.6, 894.92, 888.08, 881.68, 874.44, 866.46, 858.32, 850.98, 842.88, 835.04, 826.6, 818.14, 809.84, 801.42, 792.14, 783.12, 773.98, 764.7, 756.08, 746.92, 738.6, 729.48, 720.52, 712.58, 703.46, 694.98, 686.36, 677.78, 669.98, 662.24, 654.46, 646.64, 639.18]
p = 0.002 : Exposed : [0.0, 7.66, 8.0, 8.46, 9.24, 9.24, 9.84, 11.0, 11.46, 11.7, 12.14, 12.44, 13.64, 14.82, 15.58, 15.66, 15.92, 16.8, 17.72, 18.24, 19.3, 18.2, 19.3, 20.1, 21.46, 21.34, 22.3, 22.54, 23.5, 23.94, 24.18, 24.38, 24.5, 25.0, 25.3, 25.94, 25.32, 25.9, 24.96, 24.98, 25.24, 24.48, 25.04, 25.12, 24.7, 24.76, 23.94, 23.68, 23.6, 23.9, 23.1]
p = 0.002 : Asymptomatic : [0.0, 0.0, 1.62, 2.94, 4.22, 5.54, 7.14, 8.64, 9.8, 11.32, 12.66, 14.2, 15.16, 16.58, 17.78, 18.76, 19.82, 21.08, 22.48, 23.28, 24.46, 26.64, 27.76, 28.68, 30.18, 31.58, 32.24, 33.16, 33.7, 34.58, 35.52, 36.86, 37.84, 39.34, 40.26, 41.18, 41.36, 41.88, 42.7, 43.82, 43.98, 44.26, 44.78, 45.76, 46.58, 46.7, 47.28, 47.74, 47.48, 47.48, 47.9]
p = 0.002 : Symptomatic : [10.0, 9.02, 9.36, 9.74, 9.8, 10.64, 10.98, 11.28, 11.64, 11.98, 12.54, 13.2, 13.8, 14.02, 14.74, 15.4, 16.64, 17.18, 18.12, 19.34, 20.3, 21.42, 21.76, 22.96, 23.58, 24.38, 25.26, 25.56, 26.28, 27.34, 28.5, 28.66, 30.0, 30.72, 31.36, 31.54, 32.88, 32.78, 33.54, 34.08, 34.76, 35.24, 35.6, 35.28, 35.42, 35.46, 35.38, 35.06, 34.86, 34.34, 34.64]
p = 0.002 : Recovered : [0.0, 0.98, 1.84, 2.9, 4.16, 5.2, 6.64, 8.14, 10.38, 12.68, 15.02, 17.42, 20.22, 23.08, 25.86, 29.5, 32.74, 36.56, 40.08, 44.22, 47.86, 52.06, 56.74, 61.8, 66.46, 71.72, 77.32, 83.7, 89.92, 96.0, 101.96, 108.68, 115.52, 121.82, 129.1, 136.64, 144.36, 152.52, 160.2, 167.64, 175.5, 183.44, 191.12, 198.86, 206.94, 215.3, 223.42, 231.28, 239.6, 247.64, 255.18]

p = 0.002 : Susceptible : [990.0, 982.62, 979.08, 974.96, 970.98, 967.1, 962.08, 956.98, 951.32, 945.64, 939.62, 932.76, 925.24, 917.54, 908.96, 900.56, 891.62, 882.08, 870.68, 859.34, 847.28, 834.72, 822.72, 809.88, 796.38, 783.12, 769.68, 756.32, 741.98, 728.06, 713.68, 700.32, 687.0, 673.16, 658.86, 645.5, 631.88, 618.12, 606.48, 594.56, 582.34, 571.06, 559.9, 549.78, 540.22, 530.78, 522.5, 514.58, 507.5, 499.42, 493.1]
p = 0.002 : Exposed : [0.0, 7.38, 8.38, 9.64, 10.44, 10.46, 11.84, 12.86, 14.12, 15.4, 16.3, 17.76, 19.08, 19.88, 21.88, 22.44, 23.52, 24.8, 27.7, 28.4, 30.9, 33.32, 33.62, 34.18, 35.58, 35.84, 36.1, 37.04, 38.02, 37.84, 39.54, 38.54, 37.68, 38.14, 38.56, 37.68, 38.1, 38.82, 37.04, 36.22, 34.98, 34.3, 33.18, 32.2, 30.32, 28.9, 27.16, 25.42, 23.28, 23.34, 20.92]
p = 0.002 : Asymptomatic : [0.0, 0.0, 1.48, 3.02, 4.36, 5.92, 7.46, 9.14, 10.86, 12.22, 14.0, 15.76, 17.44, 19.78, 21.86, 23.72, 26.0, 27.86, 29.6, 33.02, 34.68, 36.88, 40.24, 43.6, 46.04, 48.8, 51.42, 52.8, 54.88, 56.88, 58.98, 61.42, 63.9, 65.3, 66.62, 68.82, 69.5, 70.08, 70.5, 69.54, 70.5, 70.5, 70.1, 69.2, 68.74, 68.36, 67.44, 66.96, 66.1, 63.78, 62.1]
p = 0.002 : Symptomatic : [10.0, 8.96, 9.0, 9.6, 10.1, 10.72, 11.46, 11.84, 12.6, 13.42, 14.46, 15.32, 16.94, 18.16, 19.26, 20.74, 22.06, 23.68, 25.32, 27.62, 29.62, 30.96, 32.54, 34.64, 36.32, 38.18, 39.78, 41.52, 43.8, 46.16, 47.1, 47.88, 48.62, 49.88, 51.16, 52.7, 53.02, 53.14, 54.02, 54.52, 54.54, 54.1, 54.54, 54.62, 53.06, 52.18, 50.4, 49.18, 48.14, 47.06, 46.22]
p = 0.002 : Recovered : [0.0, 1.04, 2.06, 2.78, 4.12, 5.8, 7.16, 9.18, 11.1, 13.32, 15.62, 18.4, 21.3, 24.64, 28.04, 32.54, 36.8, 41.58, 46.7, 51.62, 57.52, 64.12, 70.88, 77.7, 85.68, 94.06, 103.02, 112.32, 121.32, 131.06, 140.7, 151.84, 162.8, 173.52, 184.8, 195.3, 207.5, 219.84, 231.96, 245.16, 257.64, 270.04, 282.28, 294.2, 307.66, 319.78, 332.5, 343.86, 354.98, 366.4, 377.66]

p = 0.002 : Susceptible : [990.0, 982.74, 979.28, 976.22, 972.8, 968.8, 964.36, 959.98, 955.48, 950.04, 944.86, 938.68, 932.64, 925.94, 918.82, 911.62, 903.54, 895.0, 886.28, 877.4, 868.1, 857.54, 846.9, 836.3, 824.92, 812.8, 800.78, 788.56, 776.56, 763.34, 750.64, 738.78, 726.48, 713.34, 700.28, 688.0, 675.18, 662.92, 651.16, 638.88, 626.16, 615.0, 603.76, 593.22, 582.06, 572.1, 561.92, 552.52, 543.36, 534.48, 526.66]
p = 0.002 : Exposed : [0.0, 7.26, 8.16, 8.4, 8.84, 10.06, 11.18, 11.5, 12.14, 13.4, 13.68, 15.32, 15.8, 17.26, 18.56, 19.16, 20.84, 22.04, 23.04, 24.28, 25.4, 26.8, 27.64, 29.12, 29.56, 31.22, 32.74, 33.18, 32.98, 34.7, 35.02, 34.94, 34.86, 36.4, 36.24, 35.8, 36.64, 36.24, 35.44, 35.16, 35.02, 33.6, 33.94, 32.72, 32.82, 31.22, 30.4, 29.12, 28.12, 27.12, 25.84]
p = 0.002 : Asymptomatic : [0.0, 0.0, 1.42, 2.78, 4.1, 5.36, 6.58, 8.36, 9.66, 10.66, 12.32, 13.28, 15.28, 16.24, 17.6, 19.62, 21.34, 23.26, 25.66, 27.62, 29.38, 31.88, 34.58, 35.94, 38.7, 40.7, 42.46, 44.86, 47.22, 48.94, 51.06, 52.56, 54.66, 56.1, 58.54, 60.22, 60.6, 62.5, 62.9, 64.44, 65.1, 66.08, 65.56, 66.32, 66.36, 66.46, 65.8, 65.12, 64.12, 62.8, 61.54]
p = 0.002 : Symptomatic : [10.0, 8.98, 9.0, 9.32, 9.8, 9.9, 10.3, 10.9, 11.54, 12.28, 13.14, 13.98, 14.72, 15.6, 16.92, 18.06, 18.92, 20.08, 21.74, 22.7, 24.02, 24.9, 26.7, 27.94, 29.46, 31.14, 32.56, 34.14, 35.88, 37.36, 38.7, 40.54, 41.88, 42.32, 43.68, 44.62, 45.84, 46.44, 47.54, 47.48, 48.4, 49.02, 48.54, 48.98, 48.38, 48.12, 48.16, 47.94, 47.2, 46.62, 45.92]
p = 0.002 : Recovered : [0.0, 1.02, 2.14, 3.28, 4.46, 5.88, 7.58, 9.26, 11.18, 13.62, 16.0, 18.74, 21.56, 24.96, 28.1, 31.54, 35.36, 39.62, 43.28, 48.0, 53.1, 58.88, 64.18, 70.7, 77.36, 84.14, 91.46, 99.26, 107.36, 115.66, 124.58, 133.18, 142.12, 151.84, 161.26, 171.36, 181.74, 191.9, 202.96, 214.04, 225.32, 236.3, 248.2, 258.76, 270.38, 282.1, 293.72, 305.3, 317.2, 328.98, 340.04]

p = 0.002 : Susceptible : [990.0, 982.88, 979.3, 975.78, 972.42, 968.32, 963.96, 959.48, 954.6, 949.54, 943.08, 936.94, 930.26, 923.26, 914.9, 906.98, 897.82, 888.24, 878.32, 867.56, 856.92, 845.48, 833.58, 821.86, 808.78, 796.18, 782.5, 769.96, 755.56, 740.76, 727.44, 712.48, 697.62, 683.58, 668.44, 654.7, 640.42, 627.04, 613.18, 599.82, 587.26, 576.18, 564.1, 552.94, 542.72, 532.2, 521.62, 512.66, 503.32, 495.0, 486.82]
p = 0.002 : Exposed : [0.0, 7.12, 8.44, 8.8, 9.22, 10.36, 11.0, 11.96, 12.6, 13.12, 15.46, 16.12, 17.34, 18.22, 19.96, 21.02, 22.64, 24.18, 25.72, 27.44, 29.02, 30.18, 31.38, 32.08, 34.2, 34.92, 37.12, 37.02, 38.14, 39.94, 39.1, 40.64, 41.66, 40.7, 42.44, 41.28, 41.6, 40.14, 39.9, 39.62, 38.66, 36.3, 35.6, 34.76, 32.84, 32.2, 31.38, 29.26, 28.18, 26.8, 25.9]
p = 0.002 : Asymptomatic : [0.0, 0.0, 1.3, 3.04, 4.46, 5.9, 7.68, 8.62, 9.86, 11.36, 12.58, 14.92, 16.28, 18.2, 20.0, 22.3, 24.58, 27.0, 28.78, 30.46, 32.38, 35.1, 38.46, 41.32, 43.5, 45.98, 47.98, 50.02, 52.76, 54.28, 57.06, 59.2, 61.08, 63.5, 64.68, 66.62, 68.56, 69.64, 70.36, 71.16, 71.78, 72.64, 73.58, 73.62, 74.02, 72.86, 71.54, 70.1, 68.9, 67.34, 66.3]
p = 0.002 : Symptomatic : [10.0, 8.9, 8.94, 9.44, 9.88, 9.94, 10.34, 10.98, 11.68, 12.74, 13.38, 14.2, 15.16, 16.4, 17.8, 18.76, 20.06, 21.52, 22.92, 25.02, 26.04, 27.96, 29.34, 30.88, 32.12, 33.7, 35.76, 38.0, 40.06, 42.22, 43.64, 44.72, 46.16, 48.08, 48.74, 50.48, 51.04, 52.26, 53.22, 53.64, 54.1, 54.36, 54.58, 54.2, 54.0, 53.74, 53.28, 52.68, 51.54, 50.62, 49.62]
p = 0.002 : Recovered : [0.0, 1.1, 2.02, 2.94, 4.02, 5.48, 7.02, 8.96, 11.26, 13.24, 15.5, 17.82, 20.96, 23.92, 27.34, 30.94, 34.9, 39.06, 44.26, 49.52, 55.64, 61.28, 67.24, 73.86, 81.4, 89.22, 96.64, 105.0, 113.48, 122.8, 132.76, 142.96, 153.48, 164.14, 175.7, 186.92, 198.38, 210.92, 223.34, 235.76, 248.2, 260.52, 272.14, 284.48, 296.42, 309.0, 322.18, 335.3, 348.06, 360.24, 371.36]




Run Type : Multi_Graph_p_0.004
p = 0.004 : Susceptible : [990.0, 976.54, 969.64, 960.14, 949.86, 935.64, 917.72, 895.32, 869.5, 838.12, 801.18, 761.44, 716.78, 666.28, 610.48, 553.5, 495.0, 438.98, 386.4, 336.78, 291.88, 252.48, 218.3, 190.38, 166.82, 147.96, 132.28, 119.78, 109.72, 101.36, 95.2, 89.26, 85.04, 81.32, 78.66, 76.1, 74.32, 72.52, 71.18, 69.98, 69.18, 68.32, 67.62, 67.1, 66.56, 66.28, 65.98, 65.66, 65.42, 65.36, 65.22]
p = 0.004 : Exposed : [0.0, 13.46, 15.28, 19.9, 23.46, 29.0, 35.8, 45.7, 55.46, 67.28, 81.52, 93.2, 106.46, 119.38, 133.4, 144.1, 152.64, 154.44, 152.6, 147.92, 140.58, 129.3, 117.42, 104.56, 92.86, 79.7, 67.18, 56.9, 46.76, 39.12, 31.46, 25.86, 21.44, 17.64, 14.38, 11.78, 9.44, 8.22, 6.48, 5.46, 4.6, 3.98, 3.3, 2.74, 2.5, 1.9, 1.52, 1.24, 1.06, 0.66, 0.52]
p = 0.004 : Asymptomatic : [0.0, 0.0, 3.06, 5.58, 8.7, 12.34, 17.44, 22.74, 29.96, 37.92, 47.4, 58.74, 70.1, 84.96, 99.54, 114.94, 133.2, 151.56, 167.48, 181.48, 193.06, 202.94, 208.64, 211.96, 212.44, 209.28, 203.88, 197.02, 188.12, 178.02, 168.38, 157.56, 146.98, 136.12, 126.48, 116.72, 107.36, 98.26, 89.92, 82.38, 74.5, 67.3, 61.26, 55.1, 50.12, 45.18, 41.04, 37.34, 33.78, 30.92, 27.84]
p = 0.004 : Symptomatic : [10.0, 8.8, 10.02, 10.94, 13.06, 16.0, 19.22, 22.22, 26.68, 32.44, 38.8, 47.02, 55.54, 65.6, 77.6, 90.8, 102.78, 115.32, 127.02, 137.04, 146.06, 154.0, 158.64, 159.76, 158.0, 156.3, 152.34, 146.62, 140.2, 133.72, 125.18, 118.0, 109.62, 102.48, 94.32, 86.56, 79.58, 73.18, 66.74, 61.0, 55.28, 50.54, 45.7, 41.44, 37.78, 34.6, 31.12, 28.36, 25.94, 23.94, 21.98]
p = 0.004 : Recovered : [0.0, 1.2, 2.0, 3.44, 4.92, 7.02, 9.82, 14.02, 18.4, 24.24, 31.1, 39.6, 51.12, 63.78, 78.98, 96.66, 116.38, 139.7, 166.5, 196.78, 228.42, 261.28, 297.0, 333.34, 369.88, 406.76, 444.32, 479.68, 515.2, 547.78, 579.78, 609.32, 636.92, 662.44, 686.16, 708.84, 729.3, 747.82, 765.68, 781.18, 796.44, 809.86, 822.12, 833.62, 843.04, 852.04, 860.34, 867.4, 873.8, 879.12, 884.44]

p = 0.004 : Susceptible : [990.0, 976.04, 968.54, 959.3, 946.38, 931.34, 913.32, 890.88, 865.9, 832.04, 795.64, 755.44, 710.9, 659.94, 605.92, 552.22, 496.96, 442.1, 390.74, 341.66, 297.72, 259.42, 225.88, 196.76, 173.6, 152.82, 136.22, 122.66, 112.02, 102.48, 95.02, 88.86, 83.7, 79.78, 76.4, 74.08, 71.9, 70.06, 68.5, 67.12, 66.04, 65.22, 64.64, 64.18, 63.62, 63.12, 62.78, 62.44, 62.2, 62.08, 61.78]
p = 0.004 : Exposed : [0.0, 13.96, 16.68, 19.56, 25.22, 31.86, 38.68, 48.1, 55.76, 69.32, 81.84, 93.74, 105.64, 119.08, 132.66, 140.58, 147.0, 149.84, 147.44, 145.26, 137.78, 128.14, 117.06, 105.2, 91.8, 80.42, 69.64, 59.6, 49.52, 40.94, 33.68, 28.2, 23.36, 19.06, 15.48, 12.52, 9.92, 8.32, 6.84, 6.1, 5.06, 4.16, 3.22, 2.64, 2.38, 2.18, 1.76, 1.52, 1.22, 0.9, 0.9]
p = 0.004 : Asymptomatic : [0.0, 0.0, 2.94, 6.18, 10.0, 13.82, 19.1, 24.74, 32.44, 40.56, 50.3, 62.1, 75.28, 90.16, 103.12, 118.42, 134.8, 150.8, 164.8, 177.2, 189.06, 196.1, 202.64, 205.46, 205.56, 204.5, 200.18, 192.16, 184.7, 176.12, 166.92, 156.18, 147.28, 137.48, 127.76, 118.16, 109.0, 101.04, 92.38, 83.82, 76.64, 69.92, 63.5, 57.98, 52.38, 47.22, 42.56, 38.66, 35.18, 31.76, 29.08]
p = 0.004 : Symptomatic : [10.0, 9.02, 9.98, 11.84, 13.4, 15.78, 18.62, 22.4, 27.42, 33.32, 40.18, 48.04, 57.22, 66.46, 77.58, 90.08, 102.48, 114.58, 126.8, 135.36, 143.86, 150.88, 155.38, 157.98, 157.42, 154.78, 151.1, 146.14, 141.12, 134.14, 127.4, 119.54, 111.46, 103.46, 96.86, 89.24, 81.8, 74.72, 69.04, 63.28, 57.44, 52.22, 47.28, 42.96, 38.9, 35.7, 32.22, 29.28, 26.6, 24.26, 21.48]
p = 0.004 : Recovered : [0.0, 0.98, 1.86, 3.12, 5.0, 7.2, 10.28, 13.88, 18.48, 24.76, 32.04, 40.68, 50.96, 64.36, 80.72, 98.7, 118.76, 142.68, 170.22, 200.52, 231.58, 265.46, 299.04, 334.6, 371.62, 407.48, 442.86, 479.44, 512.64, 546.32, 576.98, 607.22, 634.2, 660.22, 683.5, 706.0, 727.38, 745.86, 763.24, 779.68, 794.82, 808.48, 821.36, 832.24, 842.72, 851.78, 860.68, 868.1, 874.8, 881.0, 886.76]

p = 0.004 : Susceptible : [990.0, 977.88, 970.9, 962.42, 951.26, 939.16, 921.94, 901.94, 878.02, 848.4, 814.74, 774.18, 731.62, 682.98, 630.96, 576.16, 520.92, 464.7, 408.56, 357.34, 309.28, 270.22, 235.04, 205.28, 180.34, 159.96, 142.26, 128.42, 117.44, 108.34, 100.92, 95.32, 90.7, 87.08, 83.28, 80.22, 78.26, 76.32, 74.62, 73.16, 72.1, 71.02, 70.18, 69.46, 69.08, 68.76, 68.32, 68.04, 67.74, 67.68, 67.48]
p = 0.004 : Exposed : [0.0, 12.12, 15.04, 18.18, 23.54, 27.0, 35.24, 42.7, 51.32, 63.76, 75.04, 89.14, 100.12, 114.18, 127.12, 137.88, 145.56, 150.36, 152.9, 151.12, 145.98, 134.5, 121.26, 108.24, 93.2, 81.26, 69.94, 60.14, 50.24, 41.38, 34.06, 28.48, 22.84, 18.24, 15.2, 12.96, 10.14, 8.62, 7.06, 6.02, 4.88, 4.32, 3.56, 3.04, 2.4, 2.04, 1.84, 1.6, 1.28, 0.92, 0.78]
p = 0.004 : Asymptomatic : [0.0, 0.0, 2.2, 5.24, 8.04, 11.94, 16.26, 21.64, 28.78, 35.52, 44.04, 54.76, 66.96, 79.78, 93.56, 109.2, 125.32, 142.26, 157.6, 173.04, 184.58, 195.36, 203.12, 207.08, 208.9, 206.18, 201.1, 193.7, 186.62, 177.66, 167.24, 156.22, 146.56, 136.38, 126.7, 117.4, 107.98, 99.1, 90.52, 83.04, 76.78, 70.14, 63.96, 58.26, 53.44, 48.32, 43.78, 39.96, 36.32, 32.84, 29.84]
p = 0.004 : Symptomatic : [10.0, 9.06, 9.96, 11.44, 12.84, 15.5, 17.44, 21.16, 24.92, 30.22, 37.26, 45.22, 54.68, 64.76, 75.3, 86.26, 97.88, 110.7, 122.96, 133.22, 143.38, 151.72, 157.1, 160.22, 160.88, 158.04, 156.18, 151.68, 145.26, 138.1, 131.1, 122.78, 114.14, 107.18, 99.52, 91.98, 85.04, 78.02, 71.48, 65.74, 60.14, 54.98, 50.02, 45.26, 41.48, 37.42, 34.08, 31.2, 27.98, 25.7, 23.32]
p = 0.004 : Recovered : [0.0, 0.94, 1.9, 2.72, 4.32, 6.4, 9.12, 12.56, 16.96, 22.1, 28.92, 36.7, 46.62, 58.3, 73.06, 90.5, 110.32, 131.98, 157.98, 185.28, 216.78, 248.2, 283.48, 319.18, 356.68, 394.56, 430.52, 466.06, 500.44, 534.52, 566.68, 597.2, 625.76, 651.12, 675.3, 697.44, 718.58, 737.94, 756.32, 772.04, 786.1, 799.54, 812.28, 823.98, 833.6, 843.46, 851.98, 859.2, 866.68, 872.86, 878.58]

p = 0.004 : Susceptible : [990.0, 976.94, 969.84, 960.12, 948.82, 935.58, 918.94, 899.7, 874.02, 845.66, 812.96, 775.38, 734.7, 687.0, 636.94, 584.44, 529.68, 475.4, 422.34, 374.16, 329.36, 289.6, 254.58, 225.62, 200.48, 178.16, 160.38, 145.36, 132.84, 122.14, 113.8, 106.98, 101.4, 95.8, 91.72, 88.7, 86.14, 83.74, 81.98, 80.66, 79.66, 78.38, 77.38, 76.5, 75.96, 75.22, 74.88, 74.46, 74.08, 73.8, 73.54]
p = 0.004 : Exposed : [0.0, 13.06, 14.98, 19.74, 24.18, 29.44, 35.22, 42.08, 52.94, 63.6, 75.22, 87.72, 97.76, 111.7, 123.64, 132.34, 140.6, 144.46, 146.9, 142.7, 136.58, 128.98, 118.96, 106.78, 93.92, 83.92, 72.12, 62.06, 52.98, 45.14, 38.44, 32.02, 26.46, 22.6, 18.74, 14.98, 12.06, 10.4, 8.3, 6.72, 5.48, 4.76, 4.04, 3.62, 2.84, 2.5, 2.0, 1.58, 1.34, 1.12, 1.04]
p = 0.004 : Asymptomatic : [0.0, 0.0, 3.3, 5.84, 9.68, 13.44, 18.48, 23.08, 28.4, 35.32, 43.8, 53.48, 64.7, 77.82, 91.62, 107.36, 123.16, 140.3, 155.18, 168.36, 180.4, 189.48, 194.96, 199.0, 201.32, 199.12, 197.2, 191.46, 185.72, 177.38, 167.58, 159.44, 150.08, 140.74, 130.16, 121.66, 111.5, 102.14, 93.36, 85.68, 78.04, 71.48, 65.3, 59.22, 53.76, 49.6, 44.92, 41.38, 37.66, 34.06, 30.9]
p = 0.004 : Symptomatic : [10.0, 8.9, 9.94, 11.24, 12.64, 14.12, 17.38, 21.08, 25.5, 31.1, 37.16, 44.28, 53.2, 62.74, 72.8, 84.7, 96.12, 107.18, 118.3, 130.32, 138.8, 145.18, 149.76, 152.9, 153.1, 151.66, 149.04, 145.44, 139.94, 133.1, 126.46, 118.88, 111.9, 103.1, 96.08, 88.66, 82.48, 75.84, 70.18, 63.66, 58.22, 52.66, 48.26, 43.9, 39.72, 36.32, 32.96, 30.18, 27.62, 24.94, 22.36]
p = 0.004 : Recovered : [0.0, 1.1, 1.94, 3.06, 4.68, 7.42, 9.98, 14.06, 19.14, 24.32, 30.86, 39.14, 49.64, 60.74, 75.0, 91.16, 110.44, 132.66, 157.28, 184.46, 214.86, 246.76, 281.74, 315.7, 351.18, 387.14, 421.26, 455.68, 488.52, 522.24, 553.72, 582.68, 610.16, 637.76, 663.3, 686.0, 707.82, 727.88, 746.18, 763.28, 778.6, 792.72, 805.02, 816.76, 827.72, 836.36, 845.24, 852.4, 859.3, 866.08, 872.16]

p = 0.004 : Susceptible : [990.0, 976.0, 969.84, 960.9, 949.64, 935.7, 918.54, 898.14, 872.9, 843.96, 809.72, 770.8, 727.66, 679.0, 626.5, 572.4, 517.68, 462.26, 408.96, 360.08, 314.02, 274.4, 239.46, 208.34, 182.2, 161.24, 144.02, 129.14, 118.14, 108.54, 100.6, 94.62, 89.62, 85.24, 81.72, 79.18, 76.56, 74.5, 72.84, 71.64, 70.74, 69.82, 69.0, 68.26, 67.64, 67.12, 66.58, 66.3, 66.1, 65.86, 65.68]
p = 0.004 : Exposed : [0.0, 14.0, 15.26, 18.76, 22.92, 29.36, 35.94, 43.18, 53.3, 63.46, 75.36, 87.34, 100.04, 113.56, 125.78, 136.6, 143.76, 148.98, 151.68, 147.52, 141.9, 131.94, 120.64, 108.04, 95.48, 82.86, 70.78, 61.34, 51.0, 42.48, 35.0, 28.92, 23.32, 19.44, 15.94, 12.94, 11.06, 9.4, 7.78, 6.4, 5.32, 4.16, 3.54, 2.98, 2.54, 2.26, 2.06, 1.7, 1.3, 1.06, 0.92]
p = 0.004 : Asymptomatic : [0.0, 0.0, 2.66, 5.58, 9.08, 12.48, 17.62, 23.36, 29.28, 36.84, 46.1, 56.26, 67.82, 81.16, 96.56, 111.58, 127.7, 143.76, 156.7, 171.7, 183.46, 192.56, 199.12, 203.16, 205.38, 203.14, 199.96, 195.2, 188.74, 179.12, 169.78, 160.66, 151.26, 141.0, 130.38, 119.88, 111.14, 102.22, 94.74, 87.6, 79.74, 72.64, 66.44, 60.8, 55.58, 51.04, 46.14, 41.74, 38.02, 34.68, 31.78]
p = 0.004 : Symptomatic : [10.0, 8.96, 10.26, 11.66, 13.7, 15.6, 17.94, 21.82, 26.38, 32.04, 38.2, 46.98, 55.52, 64.96, 75.38, 87.0, 98.62, 110.96, 122.5, 133.78, 142.38, 150.32, 156.34, 159.4, 160.6, 158.98, 154.94, 149.48, 143.62, 137.96, 130.6, 122.48, 114.84, 107.1, 100.04, 92.14, 85.38, 79.52, 72.54, 66.36, 60.36, 55.44, 50.56, 45.76, 41.7, 38.06, 34.2, 31.08, 28.3, 25.78, 23.18]
p = 0.004 : Recovered : [0.0, 1.04, 1.98, 3.1, 4.66, 6.86, 9.96, 13.5, 18.14, 23.7, 30.62, 38.62, 48.96, 61.32, 75.78, 92.42, 112.24, 134.04, 160.16, 186.92, 218.24, 250.78, 284.44, 321.06, 356.34, 393.78, 430.3, 464.84, 498.5, 531.9, 564.02, 593.32, 620.96, 647.22, 671.92, 695.86, 715.86, 734.36, 752.1, 768.0, 783.84, 797.94, 810.46, 822.2, 832.54, 841.52, 851.02, 859.18, 866.28, 872.62, 878.44]




Run Type : Multi_Graph_p_0.0025
p = 0.0025 : Susceptible : [990.0, 981.12, 977.26, 972.46, 967.66, 962.24, 955.6, 948.3, 941.04, 932.78, 924.52, 914.92, 904.22, 892.26, 879.54, 866.26, 852.46, 836.86, 820.98, 803.96, 785.28, 765.94, 745.24, 723.16, 702.14, 680.5, 656.76, 631.98, 610.9, 587.68, 565.18, 543.96, 523.2, 504.2, 484.4, 466.0, 447.52, 431.3, 415.52, 400.08, 385.64, 372.76, 361.42, 350.28, 341.08, 330.96, 322.5, 314.98, 308.14, 301.68, 295.82]
p = 0.0025 : Exposed : [0.0, 8.88, 9.58, 11.18, 11.84, 12.52, 14.74, 16.84, 18.8, 20.92, 21.52, 23.26, 25.28, 28.56, 31.44, 34.28, 36.78, 39.64, 42.04, 44.68, 48.04, 51.28, 54.26, 57.66, 57.98, 59.18, 60.8, 65.14, 63.08, 63.56, 63.5, 63.02, 62.6, 59.48, 58.3, 56.62, 56.44, 52.84, 50.02, 47.82, 45.94, 43.2, 40.22, 37.92, 34.16, 32.56, 29.56, 26.28, 24.34, 21.98, 20.34]
p = 0.0025 : Asymptomatic : [0.0, 0.0, 1.72, 3.48, 5.56, 7.56, 9.3, 11.18, 12.92, 15.2, 17.94, 20.06, 22.74, 25.62, 28.22, 32.12, 35.94, 39.5, 43.86, 48.12, 51.22, 55.94, 60.82, 66.46, 72.4, 76.72, 80.72, 84.34, 89.56, 93.78, 97.06, 99.86, 101.8, 104.78, 105.72, 106.74, 106.94, 106.74, 106.4, 105.84, 104.34, 103.08, 100.76, 99.0, 96.92, 93.56, 90.18, 87.64, 83.84, 80.12, 75.66]
p = 0.0025 : Symptomatic : [10.0, 8.88, 9.34, 9.76, 10.84, 11.74, 12.58, 13.6, 14.72, 15.74, 17.54, 19.58, 21.44, 23.12, 25.42, 26.9, 28.68, 31.4, 34.1, 36.52, 39.64, 42.88, 45.96, 48.84, 52.24, 56.28, 60.8, 62.9, 66.6, 69.08, 71.46, 73.22, 75.84, 78.12, 79.92, 80.76, 80.92, 81.84, 82.0, 81.1, 80.0, 78.34, 77.56, 75.86, 74.0, 71.34, 68.94, 66.44, 63.12, 59.96, 57.12]
p = 0.0025 : Recovered : [0.0, 1.12, 2.1, 3.12, 4.1, 5.94, 7.78, 10.08, 12.52, 15.36, 18.48, 22.18, 26.32, 30.44, 35.38, 40.44, 46.14, 52.6, 59.02, 66.72, 75.82, 83.96, 93.72, 103.88, 115.24, 127.32, 140.92, 155.64, 169.86, 185.9, 202.8, 219.94, 236.56, 253.42, 271.66, 289.88, 308.18, 327.28, 346.06, 365.16, 384.08, 402.62, 420.04, 436.94, 453.84, 471.58, 488.82, 504.66, 520.56, 536.26, 551.06]

p = 0.0025 : Susceptible : [990.0, 980.82, 976.82, 972.36, 966.46, 960.52, 953.54, 945.96, 937.18, 927.16, 916.64, 905.8, 892.38, 878.22, 863.7, 847.56, 829.54, 810.64, 790.02, 769.04, 745.62, 722.8, 700.68, 675.64, 650.94, 625.26, 600.26, 574.98, 550.94, 528.84, 506.98, 485.72, 465.58, 446.7, 429.0, 412.18, 396.96, 382.22, 368.1, 354.94, 343.2, 332.64, 323.62, 314.98, 307.14, 298.7, 292.6, 286.16, 280.52, 275.32, 270.74]
p = 0.0025 : Exposed : [0.0, 9.18, 9.7, 10.56, 12.86, 14.24, 16.08, 18.1, 19.92, 23.2, 25.82, 27.24, 30.8, 34.42, 36.4, 39.4, 44.1, 47.96, 52.62, 55.16, 60.12, 63.1, 62.2, 64.7, 66.16, 68.16, 67.92, 69.62, 69.36, 67.2, 64.52, 63.3, 62.0, 59.3, 56.3, 53.64, 49.62, 46.38, 43.94, 42.18, 38.94, 37.0, 32.24, 30.2, 26.84, 25.98, 23.16, 21.86, 19.88, 17.94, 15.88]
p = 0.0025 : Asymptomatic : [0.0, 0.0, 1.9, 3.76, 5.52, 7.56, 9.82, 12.02, 14.52, 16.98, 19.82, 22.7, 25.9, 29.26, 33.14, 36.98, 40.68, 45.38, 49.78, 55.8, 60.16, 65.82, 73.3, 79.64, 85.14, 89.06, 93.68, 97.66, 102.52, 106.16, 109.54, 111.58, 113.18, 114.76, 115.28, 114.68, 114.16, 113.64, 110.94, 107.94, 105.88, 102.62, 100.66, 97.14, 93.18, 89.24, 84.98, 81.22, 77.18, 73.1, 69.64]
p = 0.0025 : Symptomatic : [10.0, 9.06, 9.64, 10.18, 10.56, 11.36, 12.12, 13.24, 15.42, 17.14, 18.62, 21.14, 23.24, 25.6, 28.44, 31.6, 34.14, 36.42, 40.12, 43.96, 48.5, 52.32, 56.62, 59.86, 64.84, 69.2, 73.3, 75.5, 77.76, 80.34, 82.64, 82.74, 82.96, 84.52, 84.26, 84.62, 83.88, 84.06, 82.1, 80.78, 78.62, 76.0, 74.18, 71.36, 69.1, 67.02, 64.36, 61.52, 57.76, 54.96, 52.76]
p = 0.0025 : Recovered : [0.0, 0.94, 1.94, 3.14, 4.6, 6.32, 8.44, 10.68, 12.96, 15.52, 19.1, 23.12, 27.68, 32.5, 38.32, 44.46, 51.54, 59.6, 67.46, 76.04, 85.6, 95.96, 107.2, 120.16, 132.92, 148.32, 164.84, 182.24, 199.42, 217.46, 236.32, 256.66, 276.28, 294.72, 315.16, 334.88, 355.38, 373.7, 394.92, 414.16, 433.36, 451.74, 469.3, 486.32, 503.74, 519.06, 534.9, 549.24, 564.66, 578.68, 590.98]

p = 0.0025 : Susceptible : [990.0, 980.6, 976.54, 971.66, 966.2, 960.54, 954.36, 946.8, 938.38, 928.98, 918.74, 907.84, 895.7, 882.58, 868.96, 852.02, 834.82, 817.2, 797.16, 776.9, 755.66, 733.76, 710.18, 687.76, 663.18, 638.9, 615.12, 590.1, 566.94, 543.74, 521.8, 500.38, 478.76, 458.32, 437.86, 420.42, 403.0, 386.68, 371.9, 358.2, 346.8, 335.5, 325.5, 315.96, 307.6, 299.68, 292.48, 285.52, 279.98, 274.3, 269.8]
p = 0.0025 : Exposed : [0.0, 9.4, 9.86, 11.44, 13.14, 14.08, 15.42, 17.76, 19.86, 22.24, 25.04, 27.06, 30.02, 32.14, 34.34, 38.94, 42.76, 45.14, 49.66, 53.0, 56.0, 58.44, 61.64, 62.52, 65.36, 66.82, 67.5, 68.44, 69.22, 67.98, 66.72, 64.32, 63.44, 62.0, 61.22, 57.18, 54.26, 51.28, 48.3, 45.22, 40.8, 38.24, 34.86, 31.66, 29.6, 26.76, 24.96, 23.42, 20.66, 18.86, 16.56]
p = 0.0025 : Asymptomatic : [0.0, 0.0, 2.18, 3.88, 5.82, 7.9, 9.88, 11.76, 14.12, 16.32, 19.04, 22.5, 25.82, 29.4, 32.96, 36.76, 41.32, 45.44, 49.66, 53.86, 59.12, 64.02, 69.18, 74.2, 79.04, 84.34, 89.36, 94.3, 97.32, 100.82, 104.04, 106.7, 108.44, 110.2, 111.66, 113.62, 113.6, 112.48, 111.14, 110.22, 108.62, 105.42, 102.98, 100.34, 96.26, 93.36, 89.76, 85.42, 82.5, 78.72, 74.92]
p = 0.0025 : Symptomatic : [10.0, 8.88, 9.62, 9.84, 10.28, 11.1, 12.06, 13.0, 14.48, 16.16, 17.96, 19.6, 21.4, 24.02, 26.2, 28.76, 31.16, 34.94, 38.04, 41.48, 44.86, 48.6, 52.46, 57.18, 59.98, 64.98, 68.5, 72.34, 74.06, 77.42, 79.4, 82.8, 84.54, 85.0, 84.64, 85.6, 86.42, 86.62, 85.12, 83.28, 81.68, 79.96, 77.98, 75.38, 72.06, 69.12, 66.42, 63.56, 59.78, 57.6, 54.9]
p = 0.0025 : Recovered : [0.0, 1.12, 1.8, 3.18, 4.56, 6.38, 8.28, 10.68, 13.16, 16.3, 19.22, 23.0, 27.06, 31.86, 37.54, 43.52, 49.94, 57.28, 65.48, 74.76, 84.36, 95.18, 106.54, 118.34, 132.44, 144.96, 159.52, 174.82, 192.46, 210.04, 228.04, 245.8, 264.82, 284.48, 304.62, 323.18, 342.72, 362.94, 383.54, 403.08, 422.1, 440.88, 458.68, 476.66, 494.48, 511.08, 526.38, 542.08, 557.08, 570.52, 583.82]

p = 0.0025 : Susceptible : [990.0, 981.44, 977.54, 972.6, 967.64, 961.66, 954.58, 946.34, 937.98, 927.98, 918.1, 905.96, 892.3, 877.8, 863.24, 845.54, 828.6, 809.18, 788.64, 766.98, 744.0, 719.54, 695.16, 670.34, 644.34, 617.68, 592.76, 567.16, 542.36, 518.8, 495.14, 473.92, 452.6, 432.98, 415.46, 398.1, 380.94, 366.54, 352.52, 338.84, 327.5, 317.48, 307.14, 298.72, 291.3, 284.32, 278.28, 272.48, 267.44, 263.14, 259.06]
p = 0.0025 : Exposed : [0.0, 8.56, 9.52, 11.2, 12.14, 13.68, 15.74, 18.82, 20.44, 23.26, 24.52, 27.8, 31.36, 35.52, 36.98, 42.14, 44.02, 47.94, 51.5, 54.78, 58.52, 61.72, 64.02, 65.86, 69.0, 71.64, 71.3, 72.58, 71.78, 70.1, 69.56, 66.98, 64.44, 61.38, 57.62, 54.3, 51.86, 47.9, 45.16, 43.34, 39.04, 35.38, 32.8, 29.52, 26.84, 24.56, 21.84, 20.42, 18.86, 16.46, 14.5]
p = 0.0025 : Asymptomatic : [0.0, 0.0, 1.7, 3.46, 5.42, 7.4, 9.32, 11.2, 13.86, 16.7, 20.36, 23.38, 26.58, 30.04, 34.4, 38.08, 43.26, 48.22, 53.44, 58.18, 63.62, 69.26, 74.8, 80.48, 84.52, 89.8, 94.94, 99.66, 104.82, 107.22, 109.96, 113.16, 115.38, 116.44, 117.2, 117.44, 118.3, 116.56, 114.36, 111.62, 110.14, 107.1, 103.26, 100.12, 95.68, 91.0, 86.56, 82.3, 77.86, 73.28, 69.28]
p = 0.0025 : Symptomatic : [10.0, 8.98, 9.28, 9.78, 10.38, 11.34, 12.54, 13.5, 15.0, 16.46, 18.44, 19.98, 22.68, 24.56, 27.94, 30.48, 33.6, 36.54, 39.5, 43.46, 46.8, 51.86, 56.82, 61.3, 65.44, 70.12, 74.18, 76.5, 79.5, 82.64, 86.02, 88.3, 90.16, 91.0, 91.64, 91.42, 89.62, 87.76, 86.18, 84.56, 82.6, 80.22, 77.34, 74.6, 72.08, 68.72, 65.26, 61.16, 57.82, 55.14, 52.52]
p = 0.0025 : Recovered : [0.0, 1.02, 1.96, 2.96, 4.42, 5.92, 7.82, 10.14, 12.72, 15.6, 18.58, 22.88, 27.08, 32.08, 37.44, 43.76, 50.52, 58.12, 66.92, 76.6, 87.06, 97.62, 109.2, 122.02, 136.7, 150.76, 166.82, 184.1, 201.54, 221.24, 239.32, 257.64, 277.42, 298.2, 318.08, 338.74, 359.28, 381.24, 401.78, 421.64, 440.72, 459.82, 479.46, 497.04, 514.1, 531.4, 548.06, 563.64, 578.02, 591.98, 604.64]

p = 0.0025 : Susceptible : [990.0, 980.84, 976.86, 972.32, 967.14, 960.82, 954.36, 946.7, 938.74, 929.82, 920.1, 909.36, 897.98, 884.2, 870.32, 854.88, 838.56, 820.8, 801.22, 781.82, 759.16, 738.84, 716.04, 691.1, 666.28, 639.92, 614.68, 589.86, 565.7, 543.1, 518.02, 495.48, 473.3, 452.56, 431.9, 413.06, 394.98, 378.32, 362.5, 347.42, 334.46, 322.34, 311.28, 300.58, 290.48, 283.06, 275.78, 268.74, 262.14, 257.32, 252.88]
p = 0.0025 : Exposed : [0.0, 9.16, 10.18, 11.08, 12.26, 14.76, 16.38, 18.5, 20.12, 22.34, 24.56, 26.7, 28.46, 32.8, 34.9, 38.24, 41.88, 45.48, 49.14, 50.92, 55.72, 57.44, 59.84, 64.82, 66.7, 69.52, 70.64, 70.44, 70.4, 68.5, 69.16, 68.22, 67.32, 66.58, 63.32, 60.26, 57.4, 54.24, 50.66, 48.44, 43.48, 40.96, 37.24, 35.1, 33.08, 28.66, 25.74, 23.8, 22.56, 19.6, 16.66]
p = 0.0025 : Asymptomatic : [0.0, 0.0, 1.78, 3.94, 5.72, 7.14, 9.42, 11.64, 13.68, 15.92, 18.82, 21.56, 24.8, 26.92, 30.6, 34.7, 38.3, 42.84, 47.42, 53.02, 57.98, 62.54, 68.6, 72.28, 78.82, 83.44, 88.54, 93.94, 98.08, 102.26, 105.98, 109.28, 111.72, 113.1, 115.1, 116.22, 115.58, 116.4, 115.62, 112.76, 111.3, 108.9, 106.64, 102.8, 99.12, 96.9, 93.42, 89.4, 85.34, 81.18, 77.14]
p = 0.0025 : Symptomatic : [10.0, 9.08, 9.18, 9.42, 10.46, 11.12, 11.58, 13.02, 14.7, 16.1, 17.92, 19.22, 21.6, 23.62, 26.32, 28.44, 31.4, 33.88, 37.6, 41.64, 45.2, 49.3, 53.0, 57.1, 60.84, 65.72, 69.7, 73.36, 76.06, 79.12, 81.44, 83.56, 84.8, 85.36, 87.56, 87.96, 89.06, 88.5, 88.18, 87.28, 86.16, 84.28, 82.08, 79.46, 76.28, 74.0, 71.12, 67.14, 63.96, 60.4, 57.46]
p = 0.0025 : Recovered : [0.0, 0.92, 2.0, 3.24, 4.42, 6.16, 8.26, 10.14, 12.76, 15.82, 18.6, 23.16, 27.16, 32.46, 37.86, 43.74, 49.86, 57.0, 64.62, 72.6, 81.94, 91.88, 102.52, 114.7, 127.36, 141.4, 156.44, 172.4, 189.76, 207.02, 225.4, 243.46, 262.86, 282.4, 302.12, 322.5, 342.98, 362.54, 383.04, 404.1, 424.6, 443.52, 462.76, 482.06, 501.04, 517.38, 533.94, 550.92, 566.0, 581.5, 595.86]




Run Type : Multi_Graph_p_0.0035
p = 0.0035 : Susceptible : [990.0, 978.18, 972.42, 964.5, 955.4, 944.9, 933.3, 917.48, 900.24, 880.48, 857.64, 831.6, 799.6, 765.42, 726.96, 685.64, 641.78, 596.4, 549.08, 502.72, 457.24, 415.02, 374.68, 335.9, 303.08, 275.1, 248.38, 224.54, 205.58, 187.5, 174.98, 162.24, 152.0, 143.0, 136.06, 129.78, 124.9, 120.26, 116.94, 113.82, 111.04, 108.84, 106.88, 105.16, 103.92, 102.76, 101.82, 100.9, 100.34, 99.52, 98.88]
p = 0.0035 : Exposed : [0.0, 11.82, 13.06, 16.58, 19.94, 24.2, 27.16, 34.06, 39.9, 46.08, 53.16, 60.5, 71.32, 80.0, 91.4, 100.02, 108.82, 115.74, 121.7, 125.72, 127.7, 125.28, 121.1, 117.28, 110.26, 99.42, 92.26, 84.1, 73.84, 66.84, 55.38, 48.3, 41.0, 35.76, 29.76, 25.64, 22.02, 19.08, 15.46, 12.84, 11.42, 9.66, 8.38, 7.06, 6.04, 5.1, 4.16, 3.8, 3.0, 2.96, 2.72]
p = 0.0035 : Asymptomatic : [0.0, 0.0, 2.5, 4.78, 7.68, 10.8, 14.98, 18.22, 22.78, 28.7, 34.84, 42.38, 50.4, 60.72, 69.78, 82.14, 93.68, 106.68, 119.12, 131.92, 144.66, 155.66, 164.98, 172.18, 176.48, 180.7, 181.42, 181.54, 180.26, 176.72, 172.64, 167.36, 160.14, 151.88, 144.68, 136.78, 127.88, 119.32, 111.82, 104.26, 96.72, 89.8, 82.1, 75.86, 69.22, 63.6, 58.34, 53.3, 48.6, 43.84, 39.8]
p = 0.0035 : Symptomatic : [10.0, 9.0, 10.06, 10.96, 12.46, 13.58, 15.82, 18.28, 21.4, 24.68, 29.26, 33.78, 39.2, 45.66, 52.72, 60.58, 69.94, 78.94, 88.78, 97.74, 106.44, 115.08, 123.18, 129.84, 133.64, 137.28, 137.84, 137.0, 134.58, 132.18, 128.82, 124.78, 120.18, 113.78, 107.12, 99.96, 94.4, 88.5, 82.74, 77.42, 71.72, 65.68, 60.54, 55.74, 50.8, 46.62, 43.26, 39.84, 36.58, 33.68, 30.44]
p = 0.0035 : Recovered : [0.0, 1.0, 1.96, 3.18, 4.52, 6.52, 8.74, 11.96, 15.68, 20.06, 25.1, 31.74, 39.48, 48.2, 59.14, 71.62, 85.78, 102.24, 121.32, 141.9, 163.96, 188.96, 216.06, 244.8, 276.54, 307.5, 340.1, 372.82, 405.74, 436.76, 468.18, 497.32, 526.68, 555.58, 582.38, 607.84, 630.8, 652.84, 673.04, 691.66, 709.1, 726.02, 742.1, 756.18, 770.02, 781.92, 792.42, 802.16, 811.48, 820.0, 828.16]

p = 0.0035 : Susceptible : [990.0, 978.7, 973.62, 966.24, 958.16, 947.64, 936.0, 921.54, 905.62, 886.12, 862.5, 838.44, 810.3, 781.0, 745.34, 709.3, 669.24, 628.7, 585.7, 541.32, 498.64, 457.26, 417.5, 381.52, 347.4, 317.26, 290.16, 266.46, 244.32, 225.96, 210.9, 197.42, 185.42, 174.94, 166.2, 159.52, 153.64, 147.88, 144.14, 140.42, 137.8, 135.4, 133.12, 131.02, 129.6, 128.28, 126.92, 125.7, 124.98, 124.34, 123.58]
p = 0.0035 : Exposed : [0.0, 11.3, 12.56, 15.44, 18.22, 22.3, 25.68, 31.18, 36.5, 42.96, 51.82, 58.06, 66.62, 72.22, 82.48, 90.52, 98.76, 104.14, 111.08, 116.28, 117.76, 116.36, 115.72, 111.3, 106.42, 100.56, 92.52, 83.58, 76.34, 68.02, 58.44, 52.4, 46.74, 40.52, 34.9, 30.1, 25.0, 21.8, 17.36, 14.92, 12.36, 10.2, 8.8, 7.66, 6.58, 5.6, 4.88, 4.42, 3.54, 2.84, 2.6]
p = 0.0035 : Asymptomatic : [0.0, 0.0, 2.04, 4.58, 7.22, 10.18, 14.28, 18.1, 22.28, 27.5, 33.18, 39.96, 47.28, 56.66, 65.64, 74.42, 83.9, 95.46, 106.84, 117.72, 129.48, 142.44, 152.18, 159.46, 166.86, 171.0, 174.96, 175.68, 175.0, 172.5, 169.14, 163.36, 157.26, 151.42, 144.56, 136.54, 127.82, 119.54, 111.96, 104.52, 97.56, 90.74, 83.68, 76.9, 70.94, 65.38, 60.04, 54.86, 50.5, 46.4, 42.62]
p = 0.0035 : Symptomatic : [10.0, 8.74, 9.66, 10.58, 11.72, 13.4, 15.14, 17.34, 20.82, 24.64, 28.46, 33.32, 38.06, 44.38, 50.22, 58.2, 67.16, 75.7, 84.2, 93.02, 101.22, 109.38, 115.4, 120.84, 124.04, 127.48, 130.02, 130.08, 129.9, 128.32, 126.16, 121.36, 117.38, 112.32, 107.52, 102.54, 97.32, 91.34, 85.58, 79.44, 73.76, 67.44, 62.0, 56.86, 52.62, 48.08, 44.3, 40.54, 36.64, 33.58, 30.62]
p = 0.0035 : Recovered : [0.0, 1.26, 2.12, 3.16, 4.68, 6.48, 8.9, 11.84, 14.78, 18.78, 24.04, 30.22, 37.74, 45.74, 56.32, 67.56, 80.94, 96.0, 112.18, 131.66, 152.9, 174.56, 199.2, 226.88, 255.28, 283.7, 312.34, 344.2, 374.44, 405.2, 435.36, 465.46, 493.2, 520.8, 546.82, 571.3, 596.22, 619.44, 640.96, 660.7, 678.52, 696.22, 712.4, 727.56, 740.26, 752.66, 763.86, 774.48, 784.34, 792.84, 800.58]

p = 0.0035 : Susceptible : [990.0, 977.98, 972.78, 965.88, 957.4, 946.86, 935.06, 920.28, 903.36, 884.66, 861.44, 836.34, 806.72, 774.24, 740.02, 702.56, 663.38, 621.66, 579.3, 536.98, 495.46, 455.4, 415.94, 379.64, 346.5, 316.18, 289.68, 264.88, 243.02, 225.54, 210.04, 196.06, 184.94, 174.82, 166.34, 159.28, 153.8, 149.12, 144.88, 141.04, 137.96, 135.04, 132.94, 130.84, 128.92, 127.52, 126.24, 125.18, 124.12, 123.48, 122.8]
p = 0.0035 : Exposed : [0.0, 12.02, 12.98, 15.3, 18.38, 22.54, 25.94, 31.68, 38.28, 43.34, 51.04, 57.6, 66.54, 76.12, 84.48, 93.2, 100.16, 106.52, 111.96, 115.76, 117.9, 115.6, 114.7, 111.02, 105.12, 99.72, 90.78, 82.56, 74.82, 67.46, 59.98, 52.78, 46.0, 40.1, 33.46, 29.74, 24.82, 21.14, 18.26, 15.72, 13.66, 11.94, 10.32, 8.84, 7.9, 6.76, 5.62, 4.86, 4.48, 3.88, 3.38]
p = 0.0035 : Asymptomatic : [0.0, 0.0, 2.44, 4.8, 7.36, 10.46, 14.0, 17.9, 21.76, 27.22, 33.32, 40.78, 49.0, 56.92, 66.5, 75.08, 87.2, 98.26, 108.92, 120.28, 131.4, 140.64, 149.16, 156.52, 163.32, 168.22, 172.26, 172.88, 172.06, 169.32, 164.6, 161.1, 155.16, 148.94, 142.5, 133.96, 125.5, 117.56, 110.04, 102.4, 96.06, 89.4, 82.52, 76.06, 70.4, 64.8, 59.7, 55.0, 50.32, 45.82, 42.02]
p = 0.0035 : Symptomatic : [10.0, 8.56, 9.64, 10.94, 12.36, 13.64, 16.08, 18.44, 21.06, 24.76, 29.0, 34.38, 40.26, 46.06, 52.84, 60.32, 67.34, 76.52, 84.72, 93.28, 100.1, 108.74, 114.76, 120.14, 124.4, 127.32, 129.14, 129.7, 129.84, 126.98, 123.94, 120.18, 115.96, 111.76, 106.26, 101.0, 95.42, 89.4, 83.24, 78.68, 73.22, 67.96, 63.0, 57.48, 52.52, 48.56, 45.06, 41.36, 37.32, 33.88, 30.78]
p = 0.0035 : Recovered : [0.0, 1.44, 2.16, 3.08, 4.5, 6.5, 8.92, 11.7, 15.54, 20.02, 25.2, 30.9, 37.48, 46.66, 56.16, 68.84, 81.92, 97.04, 115.1, 133.7, 155.14, 179.62, 205.44, 232.68, 260.66, 288.56, 318.14, 349.98, 380.26, 410.7, 441.44, 469.88, 497.94, 524.38, 551.44, 576.02, 600.46, 622.78, 643.58, 662.16, 679.1, 695.66, 711.22, 726.78, 740.26, 752.36, 763.38, 773.6, 783.76, 792.94, 801.02]

p = 0.0035 : Susceptible : [990.0, 978.08, 971.84, 964.82, 956.06, 945.78, 933.44, 919.04, 901.4, 881.02, 859.34, 830.18, 800.06, 765.12, 726.22, 685.72, 642.76, 598.08, 553.28, 507.96, 463.58, 420.66, 380.24, 342.24, 308.8, 278.96, 252.88, 231.92, 212.7, 194.94, 182.06, 170.02, 159.74, 151.54, 144.08, 138.46, 133.24, 128.64, 124.3, 120.96, 118.06, 115.8, 113.74, 111.94, 110.62, 109.32, 108.06, 107.24, 106.64, 106.1, 105.52]
p = 0.0035 : Exposed : [0.0, 11.92, 14.24, 16.28, 19.4, 22.98, 27.52, 31.76, 37.84, 46.14, 51.26, 62.24, 70.1, 79.92, 91.76, 99.88, 108.16, 114.9, 119.52, 122.78, 123.68, 122.94, 119.94, 116.94, 109.76, 100.8, 91.68, 80.98, 72.3, 65.4, 54.78, 46.74, 41.04, 34.96, 29.88, 25.36, 21.64, 18.28, 15.7, 13.72, 12.02, 10.2, 8.68, 7.08, 5.98, 5.0, 4.7, 4.0, 3.0, 2.26, 2.12]
p = 0.0035 : Asymptomatic : [0.0, 0.0, 2.26, 4.98, 7.54, 10.6, 14.1, 18.18, 22.78, 26.9, 34.26, 41.78, 50.32, 59.28, 68.6, 80.42, 93.66, 104.96, 118.34, 130.88, 142.72, 153.7, 163.82, 172.3, 177.66, 180.88, 183.7, 182.96, 179.24, 175.08, 170.44, 165.06, 156.94, 148.76, 141.14, 132.2, 124.12, 116.06, 108.78, 100.14, 92.72, 85.78, 79.3, 73.96, 67.94, 62.88, 57.48, 52.94, 47.92, 43.98, 39.28]
p = 0.0035 : Symptomatic : [10.0, 9.12, 9.68, 10.78, 12.38, 13.86, 15.82, 18.98, 22.12, 25.24, 29.72, 34.0, 40.28, 47.7, 54.14, 61.92, 69.28, 79.64, 88.02, 96.62, 105.76, 113.04, 120.1, 125.48, 130.26, 133.82, 135.54, 135.38, 133.92, 131.8, 129.3, 124.56, 119.4, 113.16, 107.52, 101.08, 94.88, 89.78, 83.64, 77.5, 71.58, 66.2, 61.52, 56.86, 52.48, 47.94, 43.84, 40.1, 36.88, 33.7, 30.24]
p = 0.0035 : Recovered : [0.0, 0.88, 1.98, 3.14, 4.62, 6.78, 9.12, 12.04, 15.86, 20.7, 25.42, 31.8, 39.24, 47.98, 59.28, 72.06, 86.14, 102.42, 120.84, 141.76, 164.26, 189.66, 215.9, 243.04, 273.52, 305.54, 336.2, 368.76, 401.84, 432.78, 463.42, 493.62, 522.88, 551.58, 577.38, 602.9, 626.12, 647.24, 667.58, 687.68, 705.62, 722.02, 736.76, 750.16, 762.98, 774.86, 785.92, 795.72, 805.56, 813.96, 822.84]

p = 0.0035 : Susceptible : [990.0, 978.44, 972.32, 964.56, 956.36, 945.8, 933.28, 919.14, 902.46, 883.16, 861.34, 835.62, 804.84, 772.9, 737.68, 699.42, 659.08, 617.22, 572.64, 529.02, 487.38, 444.74, 406.9, 370.0, 335.58, 304.82, 277.68, 253.58, 232.28, 215.14, 199.52, 185.48, 174.2, 163.66, 154.38, 147.08, 140.48, 135.26, 130.22, 125.76, 122.38, 119.08, 116.74, 114.8, 113.0, 111.5, 110.14, 109.06, 108.22, 107.54, 106.96]
p = 0.0035 : Exposed : [0.0, 11.56, 13.62, 16.82, 19.52, 23.06, 27.56, 32.54, 37.44, 44.1, 50.62, 58.18, 68.78, 76.12, 84.78, 92.96, 100.8, 107.0, 114.82, 118.46, 119.72, 121.24, 116.64, 112.34, 108.74, 102.94, 94.14, 84.76, 78.0, 68.06, 59.92, 53.3, 45.76, 40.04, 35.8, 30.42, 26.58, 22.06, 18.74, 16.4, 14.4, 12.4, 10.22, 8.38, 7.12, 5.78, 5.18, 4.58, 3.74, 3.16, 2.46]
p = 0.0035 : Asymptomatic : [0.0, 0.0, 2.32, 4.98, 7.78, 10.7, 14.54, 17.94, 23.12, 28.16, 33.84, 41.02, 48.1, 57.54, 66.56, 76.52, 88.1, 99.42, 110.16, 121.82, 132.82, 142.36, 151.72, 159.88, 165.52, 170.34, 173.32, 176.3, 174.96, 172.2, 168.64, 163.96, 158.02, 151.34, 143.2, 135.52, 127.98, 121.14, 114.18, 106.12, 98.28, 90.96, 84.46, 78.46, 72.16, 66.72, 61.28, 56.0, 51.52, 47.06, 42.56]
p = 0.0035 : Symptomatic : [10.0, 9.14, 10.1, 10.86, 11.76, 13.86, 15.62, 18.1, 21.22, 24.46, 29.04, 33.64, 39.22, 45.62, 52.6, 60.78, 68.72, 77.9, 84.68, 93.34, 101.44, 110.62, 117.58, 123.42, 128.28, 131.02, 133.18, 133.78, 132.5, 131.98, 129.06, 124.4, 121.24, 116.1, 110.64, 105.36, 99.4, 92.88, 87.32, 81.66, 76.14, 71.02, 66.04, 61.08, 56.52, 52.14, 47.76, 43.8, 40.06, 36.36, 33.28]
p = 0.0035 : Recovered : [0.0, 0.86, 1.64, 2.78, 4.58, 6.58, 9.0, 12.28, 15.76, 20.12, 25.16, 31.54, 39.06, 47.82, 58.38, 70.32, 83.3, 98.46, 117.7, 137.36, 158.64, 181.04, 207.16, 234.36, 261.88, 290.88, 321.68, 351.58, 382.26, 412.62, 442.86, 472.86, 500.78, 528.86, 555.98, 581.62, 605.56, 628.66, 649.54, 670.06, 688.8, 706.54, 722.54, 737.28, 751.2, 763.86, 775.64, 786.56, 796.46, 805.88, 814.74]




