Run Type : Homo

Susceptible : [990.0, 977.52, 970.84, 962.36, 953.16, 942.1, 928.56, 912.48, 893.68, 872.66, 847.6, 820.08, 789.4, 754.04, 716.16, 675.48, 632.88, 586.72, 541.68, 494.16, 449.18, 405.26, 366.02, 330.26, 297.22, 267.78, 242.8, 219.72, 200.08, 184.94, 171.62, 160.32, 150.4, 142.46, 136.02, 130.06, 125.96, 122.12, 118.88, 115.94, 113.34, 111.5, 109.86, 108.74, 107.72, 106.98, 106.24, 105.78, 105.34, 104.94, 104.64]
Exposed : [0.0, 12.48, 14.58, 18.34, 21.08, 24.92, 29.84, 35.42, 42.88, 48.72, 56.3, 64.9, 72.56, 83.36, 92.7, 101.38, 108.86, 116.12, 120.64, 125.96, 126.96, 126.86, 121.38, 114.84, 106.98, 99.08, 89.58, 81.02, 73.28, 63.08, 54.82, 46.28, 40.0, 33.62, 28.54, 23.92, 19.96, 16.56, 13.96, 11.9, 10.16, 8.22, 7.08, 6.0, 4.78, 3.66, 3.12, 2.44, 2.22, 1.88, 1.44]
Asymptomatic : [0.0, 0.0, 2.7, 5.22, 8.48, 11.82, 15.3, 19.78, 24.38, 30.58, 37.52, 44.8, 52.8, 60.72, 71.4, 83.02, 95.14, 107.8, 119.28, 131.2, 143.1, 154.54, 165.3, 173.72, 180.04, 183.34, 185.58, 185.64, 182.94, 179.24, 173.02, 167.08, 158.8, 151.86, 143.54, 135.34, 126.14, 117.68, 108.8, 100.86, 93.42, 86.7, 79.06, 72.18, 66.5, 60.04, 54.62, 49.78, 45.06, 41.22, 37.66]
Symptomatic : [10.0, 9.22, 10.42, 11.64, 13.2, 15.38, 18.14, 21.32, 24.5, 29.28, 33.92, 38.9, 46.44, 54.3, 62.2, 71.48, 81.32, 92.1, 102.54, 112.2, 122.8, 131.16, 139.16, 145.58, 150.94, 155.06, 156.46, 157.48, 156.28, 154.92, 152.12, 148.88, 144.4, 138.42, 132.48, 127.16, 120.56, 114.0, 107.64, 100.68, 94.32, 88.32, 82.28, 76.54, 70.8, 65.08, 60.3, 55.84, 51.96, 48.24, 44.44]
Recovered : [0.0, 0.78, 1.46, 2.44, 4.08, 5.78, 8.16, 11.0, 14.56, 18.76, 24.66, 31.32, 38.8, 47.58, 57.54, 68.64, 81.8, 97.26, 115.86, 136.48, 157.96, 182.18, 208.14, 235.6, 264.82, 294.74, 325.58, 356.14, 387.42, 417.82, 448.42, 477.44, 506.4, 533.64, 559.42, 583.52, 607.38, 629.64, 650.72, 670.62, 688.76, 705.26, 721.72, 736.54, 750.2, 764.24, 775.72, 786.16, 795.42, 803.72, 811.82]



Run Type : Age

Susceptible : [990.0, 980.0, 974.66, 968.64, 961.8, 954.2, 944.1, 933.16, 921.8, 908.94, 892.82, 875.56, 856.18, 834.18, 809.86, 783.74, 756.28, 726.6, 694.62, 661.84, 628.58, 594.72, 561.4, 527.7, 493.0, 461.42, 431.48, 402.88, 376.36, 351.42, 328.82, 307.24, 288.2, 270.34, 255.5, 242.42, 230.4, 220.66, 211.64, 203.02, 195.82, 190.2, 185.46, 180.78, 176.52, 173.06, 169.92, 166.88, 164.06, 161.84, 160.26]
Exposed : [0.0, 10.0, 11.88, 13.36, 15.82, 17.46, 21.1, 24.9, 27.2, 30.24, 36.26, 40.9, 44.7, 50.36, 57.34, 63.78, 68.18, 73.38, 79.32, 84.98, 88.06, 91.7, 93.78, 94.94, 97.12, 95.3, 91.84, 88.46, 83.86, 78.62, 74.46, 69.44, 63.46, 59.2, 53.28, 47.56, 42.18, 36.64, 32.38, 29.48, 26.36, 22.66, 19.78, 17.34, 15.42, 13.54, 11.52, 10.58, 9.84, 9.04, 7.56]
Asymptomatic : [0.0, 0.0, 2.24, 4.48, 6.66, 9.34, 12.14, 14.64, 18.22, 22.22, 25.4, 29.98, 36.02, 41.98, 47.8, 54.22, 61.78, 69.74, 77.12, 84.6, 93.24, 101.34, 108.84, 116.78, 122.6, 128.98, 135.66, 140.92, 145.46, 148.04, 148.82, 147.82, 147.4, 144.42, 141.52, 137.38, 133.82, 129.36, 124.4, 118.16, 112.22, 106.44, 99.64, 93.98, 87.78, 82.0, 77.36, 71.34, 67.04, 62.7, 58.5]
Symptomatic : [10.0, 9.32, 9.52, 10.72, 11.56, 13.52, 15.08, 17.0, 19.66, 22.26, 25.3, 28.6, 33.12, 36.96, 41.8, 46.52, 52.96, 59.32, 66.0, 72.52, 79.68, 86.82, 93.74, 100.12, 106.94, 112.94, 118.88, 122.02, 125.28, 128.2, 128.98, 131.18, 131.14, 130.86, 129.56, 127.22, 124.48, 120.46, 116.72, 112.48, 108.32, 104.28, 99.1, 94.36, 89.4, 85.54, 80.5, 75.34, 70.94, 66.56, 62.24]
Recovered : [0.0, 0.68, 1.7, 2.8, 4.16, 5.48, 7.58, 10.3, 13.12, 16.34, 20.22, 24.96, 29.98, 36.52, 43.2, 51.74, 60.8, 70.96, 82.94, 96.06, 110.44, 125.42, 142.24, 160.46, 180.34, 201.36, 222.14, 245.72, 269.04, 293.72, 318.92, 344.32, 369.8, 395.18, 420.14, 445.42, 469.12, 492.88, 514.86, 536.86, 557.28, 576.42, 596.02, 613.54, 630.88, 645.86, 660.7, 675.86, 688.12, 699.86, 711.44]
Run Type : Homo

Susceptible : [990.0, 983.92, 979.8, 975.52, 971.38, 966.4, 960.86, 954.96, 948.82, 941.5, 934.12, 925.94, 917.68, 907.04, 896.54, 885.06, 872.86, 858.94, 843.66, 827.02, 809.62, 791.78, 772.82, 753.54, 733.44, 711.1, 689.72, 668.16, 645.76, 623.44, 600.68, 578.24, 556.44, 533.76, 511.32, 490.24, 470.06, 450.64, 432.16, 415.28, 398.54, 382.32, 367.08, 353.24, 340.34, 327.62, 316.62, 306.72, 297.66, 289.82, 281.3]
Exposed : [0.0, 6.08, 8.3, 9.42, 10.14, 11.5, 12.92, 14.28, 15.42, 17.68, 18.94, 20.86, 21.8, 25.04, 26.38, 28.88, 30.62, 33.5, 36.7, 40.28, 43.26, 46.58, 49.58, 51.34, 53.12, 57.28, 58.92, 59.3, 60.92, 60.86, 63.04, 64.18, 62.84, 62.6, 63.18, 62.34, 61.48, 59.22, 56.8, 53.44, 51.58, 49.96, 47.9, 45.42, 42.2, 40.24, 36.96, 34.5, 31.74, 27.98, 26.74]
Asymptomatic : [0.0, 0.0, 1.12, 3.02, 4.42, 5.96, 7.86, 9.48, 11.48, 13.04, 15.34, 17.46, 19.54, 22.26, 26.16, 28.9, 32.14, 35.18, 38.68, 42.48, 46.78, 51.22, 55.08, 59.4, 63.4, 67.12, 71.66, 76.86, 81.28, 85.88, 89.44, 92.72, 96.54, 100.58, 102.94, 104.34, 106.22, 107.58, 108.54, 109.44, 109.58, 108.74, 107.24, 104.82, 103.7, 101.82, 99.84, 97.02, 94.98, 92.56, 88.38]
Symptomatic : [10.0, 9.08, 9.34, 9.94, 10.88, 11.7, 12.4, 13.38, 14.32, 15.22, 16.5, 17.62, 19.32, 20.48, 22.3, 23.86, 26.4, 29.14, 32.02, 35.44, 38.9, 41.7, 45.84, 49.86, 53.82, 57.14, 60.84, 64.9, 67.96, 71.3, 74.66, 77.3, 81.64, 84.72, 87.3, 89.86, 91.4, 93.22, 94.78, 95.8, 96.18, 96.18, 96.3, 96.06, 94.96, 93.54, 93.0, 91.18, 88.54, 86.0, 83.26]
Recovered : [0.0, 0.92, 1.44, 2.1, 3.18, 4.44, 5.96, 7.9, 9.96, 12.56, 15.1, 18.12, 21.66, 25.18, 28.62, 33.3, 37.98, 43.24, 48.94, 54.78, 61.44, 68.72, 76.68, 85.86, 96.22, 107.36, 118.86, 130.78, 144.08, 158.52, 172.18, 187.56, 202.54, 218.34, 235.26, 253.22, 270.84, 289.34, 307.72, 326.04, 344.12, 362.8, 381.48, 400.46, 418.8, 436.78, 453.58, 470.58, 487.08, 503.64, 520.32]



