(1,1) : {'Susceptible': [970.0, 965.2, 961.7, 957.9333333333333, 953.7333333333333, 950.0666666666667, 945.9, 942.2333333333333, 939.1, 935.8666666666667, 932.9, 930.7333333333333, 928.3, 925.5333333333333, 922.9, 919.9, 917.8333333333334, 915.3333333333334, 912.9333333333333, 910.9333333333333, 908.3333333333334, 906.0, 903.9666666666667, 902.0333333333333, 900.0333333333333, 897.9, 896.4, 894.8666666666667, 893.6, 892.3333333333334, 891.3666666666667], 'Infected': [30.0, 31.0, 31.133333333333333, 30.9, 30.633333333333333, 30.466666666666665, 30.0, 29.966666666666665, 29.333333333333332, 28.766666666666666, 28.3, 26.566666666666666, 25.8, 26.1, 25.5, 25.433333333333334, 24.333333333333332, 23.933333333333334, 23.533333333333335, 23.3, 23.633333333333333, 23.5, 23.066666666666666, 22.3, 21.733333333333334, 21.333333333333332, 20.533333333333335, 19.166666666666668, 18.033333333333335, 17.0, 16.166666666666668], 'Recovered': [0.0, 3.8, 7.166666666666667, 11.166666666666666, 15.633333333333333, 19.466666666666665, 24.1, 27.8, 31.566666666666666, 35.36666666666667, 38.8, 42.7, 45.9, 48.36666666666667, 51.6, 54.666666666666664, 57.833333333333336, 60.733333333333334, 63.53333333333333, 65.76666666666667, 68.03333333333333, 70.5, 72.96666666666667, 75.66666666666667, 78.23333333333333, 80.76666666666667, 83.06666666666666, 85.96666666666667, 88.36666666666666, 90.66666666666667, 92.46666666666667]}
Total infection : 108.63333333333334
Total Quarantined days : 409.73333333333335
Total False Positives : 0.0
Total Test cost : 8370000.0
(2,1) : {'Susceptible': [970.0, 965.1, 961.1, 956.8666666666667, 953.2666666666667, 950.9333333333333, 949.1, 947.4666666666667, 946.1666666666666, 944.5666666666667, 943.4666666666667, 942.5333333333333, 941.9, 941.2333333333333, 940.4333333333333, 939.8, 939.1666666666666, 938.8, 938.3666666666667, 937.9666666666667, 937.6666666666666, 937.2666666666667, 936.8333333333334, 936.4666666666667, 935.9666666666667, 935.8, 935.5333333333333, 935.3333333333334, 935.2666666666667, 935.1, 935.0333333333333], 'Infected': [30.0, 31.533333333333335, 31.1, 32.06666666666667, 31.933333333333334, 30.1, 28.5, 26.666666666666668, 25.1, 23.333333333333332, 21.0, 19.4, 17.7, 16.333333333333332, 14.933333333333334, 13.833333333333334, 12.3, 11.2, 10.166666666666666, 9.133333333333333, 8.2, 7.733333333333333, 7.033333333333333, 6.7, 5.833333333333333, 5.3, 4.666666666666667, 4.5, 4.033333333333333, 3.6, 3.1], 'Recovered': [0.0, 3.3666666666666667, 7.8, 11.066666666666666, 14.8, 18.966666666666665, 22.4, 25.866666666666667, 28.733333333333334, 32.1, 35.53333333333333, 38.06666666666667, 40.4, 42.43333333333333, 44.63333333333333, 46.36666666666667, 48.53333333333333, 50.0, 51.46666666666667, 52.9, 54.13333333333333, 55.0, 56.13333333333333, 56.833333333333336, 58.2, 58.9, 59.8, 60.166666666666664, 60.7, 61.3, 61.86666666666667]}
Total infection : 64.96666666666667
Total Quarantined days : 811.9333333333333
Total False Positives : 84.36666666666666
Total Test cost : 8370000.0
(3,2) : {'Susceptible': [970.0, 964.5666666666667, 960.2, 955.4333333333333, 951.4666666666667, 947.8666666666667, 944.9, 942.2, 939.3333333333334, 937.1666666666666, 935.3666666666667, 933.3, 931.2666666666667, 929.3666666666667, 927.4666666666667, 925.9333333333333, 924.3333333333334, 923.1666666666666, 922.0333333333333, 920.5666666666667, 919.4666666666667, 918.3666666666667, 917.4333333333333, 916.2666666666667, 915.2333333333333, 914.4666666666667, 913.5666666666667, 912.7, 911.9666666666667, 911.1333333333333, 910.6], 'Infected': [30.0, 31.633333333333333, 32.0, 33.06666666666667, 33.166666666666664, 33.06666666666667, 32.0, 30.833333333333332, 30.2, 28.566666666666666, 27.766666666666666, 26.8, 25.6, 24.6, 23.833333333333332, 22.966666666666665, 21.8, 19.833333333333332, 18.2, 17.266666666666666, 16.5, 15.566666666666666, 14.3, 14.366666666666667, 13.333333333333334, 12.6, 12.166666666666666, 11.8, 11.2, 10.633333333333333, 10.166666666666666], 'Recovered': [0.0, 3.8, 7.8, 11.5, 15.366666666666667, 19.066666666666666, 23.1, 26.966666666666665, 30.466666666666665, 34.266666666666666, 36.86666666666667, 39.9, 43.13333333333333, 46.03333333333333, 48.7, 51.1, 53.86666666666667, 57.0, 59.766666666666666, 62.166666666666664, 64.03333333333333, 66.06666666666666, 68.26666666666667, 69.36666666666666, 71.43333333333334, 72.93333333333334, 74.26666666666667, 75.5, 76.83333333333333, 78.23333333333333, 79.23333333333333]}
Total infection : 89.4
Total Quarantined days : 545.4
Total False Positives : 11.0
Total Test cost : 8370000.0
(None,None) : {'Susceptible': [970.0, 965.5666666666667, 961.8, 957.9666666666667, 954.5333333333333, 951.6333333333333, 949.0, 947.0, 944.9, 943.4, 942.1, 941.1, 940.0, 939.2666666666667, 938.3333333333334, 937.4666666666667, 936.8666666666667, 936.3666666666667, 935.9333333333333, 935.6333333333333, 935.2666666666667, 934.8, 934.3666666666667, 933.9333333333333, 933.4333333333333, 933.2333333333333, 933.0666666666667, 932.9666666666667, 932.8, 932.6666666666666, 932.4], 'Infected': [30.0, 30.6, 30.633333333333333, 30.433333333333334, 30.133333333333333, 29.466666666666665, 28.766666666666666, 27.133333333333333, 25.433333333333334, 23.566666666666666, 22.166666666666668, 20.166666666666668, 18.866666666666667, 17.233333333333334, 16.1, 14.733333333333333, 13.6, 12.633333333333333, 12.0, 10.666666666666666, 9.633333333333333, 9.166666666666666, 8.3, 7.933333333333334, 7.5, 6.5, 5.566666666666666, 5.133333333333334, 4.8, 4.633333333333334, 4.366666666666666], 'Recovered': [0.0, 3.8333333333333335, 7.566666666666666, 11.6, 15.333333333333334, 18.9, 22.233333333333334, 25.866666666666667, 29.666666666666668, 33.03333333333333, 35.733333333333334, 38.733333333333334, 41.13333333333333, 43.5, 45.56666666666667, 47.8, 49.53333333333333, 51.0, 52.06666666666667, 53.7, 55.1, 56.03333333333333, 57.333333333333336, 58.13333333333333, 59.06666666666667, 60.266666666666666, 61.36666666666667, 61.9, 62.4, 62.7, 63.233333333333334]}
Total infection : 67.6
Total Quarantined days : 782.1
Total False Positives : 76.56666666666666
Total Test cost : 8370000.0
