		 Agents/day 	 Total Infections 	 Total Positives 	 Total False Positives
(1,1)			100.0					960.0						3251.0						0.0
(2,1)			200.0					755.0						5968.0						634.0
(3,2)			300.0					865.0						5323.0						863.0
(4,2)			400.0					738.0						5768.0						1569.0
(5,2)			500.0					636.0						6042.0						2182.0
(5,3)			498.0					805.0						5850.0						1575.0
(6,2)			600.0					480.0						4664.0						2491.0
(6,3)			600.0					716.0						5606.0						2055.0
(4,3)			399.0					911.0						4802.0						1016.0
